#Position (bp)	Coverage	Std
4021684.5	2.2229493913494944E-4	0.015182241501915359
1.20650525E7	7.459561715937901E-5	0.009860170098146919
2.01084205E7	3.7297808579689504E-5	0.006107193183426369
2.81517885E7	1.4919123431875802E-4	0.012214386366852738
3.61951565E7	1.118934257390685E-4	0.011139002493121504
4.42385245E7	2.612089860864255E-4	0.016515789619213767
5.22818925E7	1.4919123431875802E-4	0.012984070809272281
6.03252605E7	3.7297808579689504E-5	0.006127516677813895
6.83686285E7	2.610846600578265E-4	0.016806806269391236
7.64119965E7	3.6551852408095713E-4	0.019428170856425415
8.44553645E7	1.407370643740284E-4	0.012416290728825441
9.24987325E7	1.4919123431875802E-4	0.012693562662399342
1.005421005E8	1.864890428984475E-4	0.014015531569882203
1.085854685E8	1.864890428984475E-4	0.014050969127257965
1.166288365E8	3.7297808579689504E-5	0.006708652797158706
1.246722045E8	4.715686264758743E-4	0.022397667856203778
1.327155725E8	0.0	0.0
1.407589405E8	1.118934257390685E-4	0.01060144942229431
1.488023085E8	1.424776287744139E-4	0.01385494092938696
1.568456765E8	2.185651582769805E-4	0.016817898651812758
1.648890445E8	1.118934257390685E-4	0.011183558680963712
1.729324125E8	2.23786851478137E-4	0.01587870227690856
1.809757805E8	2.1707324593379292E-4	0.015198610500202872
1.890191485E8	1.8735932509864026E-4	0.014383271936130449
1.970625165E8	1.866133689270465E-4	0.013701543824855547
2.051058845E8	2.23786851478137E-4	0.015530373320754146
2.131492525E8	2.610846600578265E-4	0.016158114371975046
2.211926205E8	2.241598295639339E-4	0.01551435436515475
2.292359885E8	2.973878604087243E-4	0.017495447476719533
2.372793565E8	1.864890428984475E-4	0.014512349652852453
2.451287315E8	1.959405814105684E-4	0.014329889368668402
2.491504155E8	0.0	0.0
2.533660925E8	3.72978085796895E-4	0.02083618227669325
2.614094605E8	3.2921532373005936E-4	0.020101233617532938
2.694528285E8	2.5909544360024306E-4	0.016284576107519422
2.774961965E8	1.118934257390685E-4	0.010992947730167464
2.855395645E8	1.4919123431875802E-4	0.013145842679439055
2.935829325E8	1.1214207779626644E-4	0.011726235015146818
3.016263005E8	2.2366252544953806E-4	0.014963661901644797
3.096696685E8	1.1139612162467266E-4	0.010548544714607493
3.177130365E8	2.602143778576338E-4	0.01645923498578062
3.257564045E8	7.459561715937901E-5	0.008636875428034088
3.337997725E8	1.866133689270465E-4	0.014270460218405875
3.418431405E8	2.610846600578265E-4	0.01731688138726785
3.498865085E8	7.459561715937901E-5	0.00938204819045752
3.579298765E8	2.9825814260891706E-4	0.018250189878919815
3.659732445E8	1.864890428984475E-4	0.013701543824855547
3.740166125E8	1.1176909971046954E-4	0.010572090602641918
3.820599805E8	2.8333901917704127E-4	0.017334820769875255
3.901033485E8	7.459561715937901E-5	0.009897924556995999
3.981467165E8	2.0401901293090157E-4	0.015717373152856793
4.061900845E8	1.118934257390685E-4	0.012265174055216162
4.142334525E8	3.7297808579689504E-5	0.006107193183426369
4.222768205E8	1.118934257390685E-4	0.010958966357581366
4.303201885E8	3.358046032458045E-4	0.018554211737245377
4.383635565E8	1.8636471686984856E-4	0.013651546317902913
4.464069245E8	7.459561715937901E-5	0.009923014393337353
4.544502925E8	1.7442941812434792E-4	0.014631794874430743
4.624936605E8	2.2291656927794426E-4	0.016208050420381013
4.705370285E8	1.118934257390685E-4	0.010577968885332785
4.785803965E8	2.23786851478137E-4	0.01600348771092939
4.866237645E8	1.4919123431875802E-4	0.013592221249599419
4.908977E8	0.0	0.0
4.94919384E8	2.3876273152523622E-4	0.016433720776118654
5.027105005E8	3.7173482551090535E-5	0.006097006031741361
5.107538685E8	7.459561715937901E-5	0.009617617442882097
5.187972365E8	3.297126278444552E-4	0.01970772724956297
5.268406045E8	1.481966260899663E-4	0.012173603660788629
5.348839725E8	7.459561715937901E-5	0.00900336440707168
5.429273405E8	7.347668290198832E-5	0.00856459904919018
5.509707085E8	1.118934257390685E-4	0.010577968885332785
5.590140765E8	1.2631524505654846E-4	0.011403728597021125
5.670574445E8	1.118934257390685E-4	0.011194670018707864
5.751008125E8	7.459561715937901E-5	0.009448073270993238
5.831441805E8	2.1632728976219912E-4	0.014708068865836844
5.911875485E8	2.23786851478137E-4	0.015001003691890976
5.992309165E8	7.459561715937901E-5	0.010775922731322517
6.072742845E8	1.4919123431875802E-4	0.014068654432089527
6.153176525E8	1.118934257390685E-4	0.011004251535447193
6.233610205E8	1.864890428984475E-4	0.013827994503369178
6.314043885E8	1.826349360118796E-4	0.013778455852185309
6.394477565E8	1.118934257390685E-4	0.010577968885332785
6.474911245E8	7.459561715937901E-5	0.00943490521822339
6.555344925E8	1.8636471686984856E-4	0.013651546317902913
6.635778605E8	1.864890428984475E-4	0.014139174445035175
6.716212285E8	1.4919123431875802E-4	0.012436300879968788
6.796645965E8	1.864890428984475E-4	0.013674295119414506
6.865658955E8	2.606251182883823E-4	0.01808665430257812
6.905875795E8	0.0	0.0
6.957513325E8	6.875229381522765E-5	0.008291700296997453
7.037947005E8	1.4919123431875802E-4	0.012535872532420382
7.118380685E8	3.2449093464329866E-4	0.019170491400549456
7.198814365E8	1.797754373541034E-4	0.013573915219407632
7.279248045E8	7.459561715937901E-5	0.009500562970837496
7.359681725E8	1.0928257913849024E-4	0.010447882709424493
7.440115405E8	2.23786851478137E-4	0.015190428205935443
7.520549085E8	1.4919123431875802E-4	0.01225503335562779
7.600982765E8	7.459561715937901E-5	0.00880791926880317
7.681416445E8	1.8027274146849927E-4	0.01350964877349817
7.761850125E8	2.610846600578265E-4	0.016349341316633362
7.842283805E8	2.610846600578265E-4	0.017324059369498292
7.922717485E8	1.4919123431875802E-4	0.013022315577845143
8.003151165E8	1.1164477368187058E-4	0.010566209049695666
8.083584845E8	3.7297808579689504E-5	0.006107193183426369
8.164018525E8	2.23786851478137E-4	0.015369432466361063
8.244452205E8	2.135921171330219E-4	0.015251688415013714
8.324885885E8	2.23786851478137E-4	0.015280192463082926
8.405319565E8	1.3874784791644495E-4	0.011852780784137977
8.485753245E8	2.2652202410731426E-4	0.016732669135701848
8.566186925E8	1.4720201786117457E-4	0.01281055649652402
8.646620605E8	2.600900518290348E-4	0.016880617807083595
8.727054285E8	1.4919123431875802E-4	0.012214386366852738
8.78193589E8	1.0228598958114911E-4	0.010113653621770378
8.82215273E8	2.8275590142874896E-4	0.017466061016262933
8.887921645E8	2.2366252544953806E-4	0.014955351064068608
8.968355325E8	1.8636471686984856E-4	0.013881835049027047
9.048789005E8	2.5648459699966484E-4	0.016299838131588553
9.129222685E8	1.864890428984475E-4	0.014409179982229093
9.209656365E8	2.0377036087370365E-4	0.015005147043355678
9.290090045E8	7.459561715937901E-5	0.008636875428034088
9.370523725E8	1.4919123431875802E-4	0.01229554597308885
9.450957405E8	7.459561715937901E-5	0.008636875428034088
9.531391085E8	7.459561715937901E-5	0.008636875428034088
9.611824765E8	2.610846600578265E-4	0.016318895589438123
9.692258445E8	2.23786851478137E-4	0.015174050381005172
9.772692125E8	2.602143778576338E-4	0.01814086540662987
9.853125805E8	2.937824055793543E-4	0.017449196085747482
9.933559485E8	1.3899649997364287E-4	0.012050427436551417
1.0013993165E9	2.23786851478137E-4	0.015562361765194377
1.0094426845E9	1.4919123431875802E-4	0.0127424406355395
1.0174860525E9	1.485696041757632E-4	0.013188332495427618
1.0255294205E9	2.23786851478137E-4	0.015001003691890976
1.0335727885E9	4.106488724623814E-4	0.02101442489299966
1.0416161565E9	3.7297808579689504E-5	0.006107193183426369
1.0496595245E9	2.610846600578265E-4	0.017114675672625573
1.0574397665E9	1.1972676755287533E-4	0.011086905851241155
1.0614614505E9	0.0	0.0
1.0657462605E9	1.0866094899549542E-4	0.010424056264021958
1.0737896285E9	2.9838246863751603E-4	0.01828081958977819
1.0818329965E9	2.2229493913494944E-4	0.01546619794986501
1.0898763645E9	1.4919123431875802E-4	0.012624815589301617
1.0979197325E9	2.23786851478137E-4	0.01545815729533151
1.1059631005E9	2.5486835862787826E-4	0.01756636567371382
1.1140064685E9	3.3431269090261693E-4	0.020453779265346472
1.1220498365E9	1.864890428984475E-4	0.014296572701759625
1.1300932045E9	1.866133689270465E-4	0.013656099109864702
1.1381365725E9	2.2428415559253289E-4	0.01529239221948787
1.1461799405E9	2.23786851478137E-4	0.01545011245622545
1.1542233085E9	2.612089860864255E-4	0.016954108001331333
1.1622666765E9	1.4919123431875802E-4	0.012214386366852738
1.1703100445E9	2.2391117750673599E-4	0.016034532333144603
1.1783534125E9	1.118934257390685E-4	0.011501430103656621
1.1863967805E9	2.1993274459156911E-4	0.01564602027070661
1.1944401485E9	3.3443701693121585E-4	0.018929015146652958
1.2024835165E9	1.864890428984475E-4	0.014077488752854687
1.2105268845E9	1.4919123431875802E-4	0.012897605446958562
1.2185702525E9	1.4919123431875802E-4	0.013370894851329574
1.2266136205E9	2.9838246863751603E-4	0.017288139655611066
1.231319804E9	0.0	0.0
1.235341488E9	1.3004974702477494E-4	0.01140393559367883
1.2427003565E9	4.0952993820499075E-4	0.020638337481009805
1.2507437245E9	2.9440403572234913E-4	0.017840253171223508
1.2587870925E9	2.23786851478137E-4	0.01605003212635587
1.2668304605E9	1.8462415246946304E-4	0.013587647054198274
1.2748738285E9	1.4919123431875802E-4	0.012595237690979847
1.2829171965E9	1.864890428984475E-4	0.013908677165711682
1.2909605645E9	1.4906690829015904E-4	0.013188332495427618
1.2990039325E9	2.0874340201766225E-4	0.015638072075999786
1.3070473005E9	1.4919123431875802E-4	0.01398889448865674
1.3150906685E9	1.4919123431875802E-4	0.01342656849193044
1.3231340365E9	1.453371274321901E-4	0.013468172694389166
1.3311774045E9	1.864890428984475E-4	0.013899735552980554
1.3392207725E9	1.4732634388977354E-4	0.013454318921450208
1.3472641405E9	2.610846600578265E-4	0.01650072733644591
1.3553075085E9	2.610846600578265E-4	0.017868106823112014
1.3633508765E9	3.298369538730542E-4	0.019102274574980916
1.3713942445E9	1.118934257390685E-4	0.011705011042970418
1.3794376125E9	2.210516788489598E-4	0.01503411853062621
1.3874047865E9	2.656197329102342E-4	0.016628837977614358
1.3914264705E9	0.0	0.0
1.3955243485E9	7.459561715937901E-5	0.008636875428034088
1.4035677165E9	1.4993719049035182E-4	0.013249466116856883
1.4116110845E9	1.489425822615601E-4	0.012565590170011338
1.4196544525E9	1.118934257390685E-4	0.010947615793833937
1.4276978205E9	2.2341387339234014E-4	0.015470216709956188
1.4357411885E9	2.610846600578265E-4	0.016702922144824765
1.4437845565E9	3.3568027721720556E-4	0.01987732675405601
1.4518279245E9	1.864890428984475E-4	0.013953299279596177
1.4598712925E9	1.10152861338683E-4	0.010764379157863001
1.4679146605E9	2.676739395735717E-4	0.016451679678985573
1.4759580285E9	1.4919123431875802E-4	0.013098470119314382
1.4840013965E9	2.164516157907981E-4	0.01570946105914985
1.4920447645E9	1.8425117438366614E-4	0.01411277073488909
1.5000881325E9	2.23786851478137E-4	0.01568173729434187
1.5081315005E9	1.4919123431875802E-4	0.012644495750257067
1.5161748685E9	1.864890428984475E-4	0.014261745432726906
1.5242182365E9	2.23786851478137E-4	0.016296023965599378
1.5322616045E9	1.8275926204047857E-4	0.01399777914784945
1.5363861005E9	0.0	0.0
1.5404077845E9	1.5310528131564388E-4	0.01247625889456603
1.5483483405E9	1.4919123431875802E-4	0.012214386366852738
1.5563917085E9	1.4919123431875802E-4	0.012791131835621035
1.5644350765E9	2.579765093428524E-4	0.017864627491597555
1.5724784445E9	1.4670471374677872E-4	0.012849317724277252
1.5805218125E9	7.459561715937901E-5	0.008636875428034088
1.5885651805E9	0.0	0.0
1.5966085485E9	3.7297808579689504E-5	0.007562405249358428
1.6046519165E9	3.7297808579689504E-5	0.006107193183426369
1.6126952845E9	1.8599173878405166E-4	0.014174302882890835
1.6207386525E9	2.610846600578265E-4	0.016658202058832457
1.6287820205E9	2.23786851478137E-4	0.015697585441180075
1.6368253885E9	3.7297808579689504E-5	0.006107193183426369
1.6448687565E9	1.864890428984475E-4	0.014892871953406219
1.6529121245E9	1.118934257390685E-4	0.011967605647998588
1.6609554925E9	3.73102411825494E-4	0.019357650947294212
1.6689988605E9	7.459561715937901E-5	0.008636875428034088
1.673952087E9	1.610232490734454E-4	0.014652565148507633
1.677973771E9	1.9416586586730737E-4	0.015744366889693037
1.6850855965E9	1.864890428984475E-4	0.014033261534681115
1.6931289645E9	2.960202740941357E-4	0.01727015178303066
1.7011723325E9	4.1027589437658455E-4	0.020716501893988454
1.7092157005E9	3.7297808579689504E-5	0.006107193183426369
1.7172590685E9	1.118934257390685E-4	0.011662447225486927
1.7253024365E9	1.118934257390685E-4	0.010589715661728904
1.7333458045E9	1.864890428984475E-4	0.01523129572182448
1.7413891725E9	1.118934257390685E-4	0.010577968885332785
1.7494325405E9	1.864890428984475E-4	0.013656099109864702
1.7574759085E9	2.2391117750673599E-4	0.014959507059998234
1.7655192765E9	2.9838246863751603E-4	0.018557561780016607
1.7735626445E9	1.8462415246946304E-4	0.013587647054198274
1.7816060125E9	1.0878527502409438E-4	0.012034941766281806
1.7896493805E9	7.471994318797797E-5	0.008636875428034088
1.7976927485E9	1.481966260899663E-4	0.013917613033749268
1.805197742E9	3.0143746916545886E-4	0.018272325591279878
1.809219426E9	5.572329298657347E-4	0.02766345164681387
1.8137794845E9	7.409831304498315E-5	0.009328891682256554
1.8218228525E9	1.118934257390685E-4	0.010577968885332785
1.8298662205E9	1.4919123431875802E-4	0.013060448355159175
1.8379095885E9	2.23786851478137E-4	0.01653835732222892
1.8459529565E9	1.4794797403276837E-4	0.012158274877801101
1.8539963245E9	2.5909544360024306E-4	0.016096441954675668
1.8620396925E9	3.2996127990165316E-4	0.018192193054451813
1.8700830605E9	2.2391117750673599E-4	0.015009289251037993
1.8781264285E9	1.0070408316516166E-4	0.010035142408813223
1.8861697965E9	1.864890428984475E-4	0.01453802767290806
1.8942131645E9	1.864890428984475E-4	0.014059814560382878
1.9022565325E9	1.4919123431875802E-4	0.012214386366852738
1.9102999005E9	7.459561715937901E-5	0.008636875428034088
1.9183432685E9	1.4919123431875802E-4	0.012214386366852738
1.9263866365E9	7.459561715937901E-5	0.010170509121688003
1.9344300045E9	2.988797727519119E-4	0.01751675308332699
1.941109681E9	3.3860140688884565E-4	0.01984707291636117
1.945131365E9	0.0	0.0
1.9505167405E9	1.4906690829015904E-4	0.013160021194449431
1.9585601085E9	2.9838246863751603E-4	0.017452758236664607
1.9666034765E9	1.1201775176766748E-4	0.010577968885332785
1.9746468445E9	4.061731354328187E-4	0.021123591471188925
1.9826902125E9	3.3244780047363246E-4	0.018463530822092563
1.9907335805E9	1.4919123431875802E-4	0.012703353302237035
1.9987769485E9	1.4919123431875802E-4	0.01227530637751847
2.0068203165E9	1.4919123431875802E-4	0.012214386366852738
2.0148636845E9	2.610846600578265E-4	0.016234875442386547
2.0229070525E9	1.4919123431875802E-4	0.012183812135254065
2.0309504205E9	7.459561715937901E-5	0.009656320285140907
2.0389937885E9	1.866133689270465E-4	0.013917613033749268
2.0470371565E9	2.561116189138679E-4	0.017114675672625573
2.0550805245E9	7.459561715937901E-5	0.008636875428034088
2.0631238925E9	1.8599173878405166E-4	0.013728738447360375
2.0711672605E9	1.864890428984475E-4	0.014834320699653491
2.0761159635E9	4.854269437843237E-4	0.023684125521250085
2.0801376475E9	0.0	0.0
2.0872539965E9	0.0	0.0
2.0952973645E9	4.473250508990761E-4	0.02294333029636321
2.1033407325E9	1.8537010864105684E-4	0.014300920146805151
2.1113841005E9	1.4919123431875802E-4	0.012214386366852738
2.1194274685E9	2.213003309061577E-4	0.016496959616945615
2.1274708365E9	1.118934257390685E-4	0.011049351115978876
2.1355142045E9	1.864890428984475E-4	0.015530373320754146
2.1435575725E9	1.4931556034735696E-4	0.012234726741253924
2.1516009405E9	2.8831206032099986E-4	0.017477672964890292
2.1596443085E9	2.610846600578265E-4	0.01699804960764601
2.1676876765E9	4.04929875146829E-4	0.020877908330768465
2.1757310445E9	1.4807230006136732E-4	0.01305568784894848
2.1837744125E9	1.4919123431875802E-4	0.012406273550326008
2.1896017035E9	8.307455609110953E-5	0.009413440382268155
2.1936233875E9	0.0	0.0
2.1998611485E9	0.0	0.0
2.2079045165E9	0.0	0.0
2.2159478845E9	2.962689261513336E-4	0.017591119497713154
2.2239912525E9	1.8325656615487441E-4	0.013646992007077955
2.2320346205E9	2.23786851478137E-4	0.015498318852482046
2.2400779885E9	1.4794797403276837E-4	0.013361593358133368
2.2481213565E9	1.4869393020436214E-4	0.012194012063482721
2.2561647245E9	8.367141724710345E-5	0.009147208166818084
2.2642080925E9	1.4919123431875802E-4	0.012486185961417607
2.2722514605E9	1.4919123431875802E-4	0.013145842679439055
2.2802948285E9	2.206787007631629E-4	0.017067392448976353
2.2883381965E9	1.864890428984475E-4	0.014050969127257965
2.2954054545E9	1.9700719798632375E-4	0.016023921119444368
2.2994271385E9	0.0	0.0
2.3044249325E9	0.0	0.0
2.3124683005E9	0.0	0.0
2.3205116685E9	7.459561715937901E-5	0.008947958561467162
2.3285550365E9	2.23786851478137E-4	0.015554370821527495
2.3365984045E9	1.118934257390685E-4	0.010856384071679614
2.3446417725E9	1.4919123431875802E-4	0.012214386366852738
2.3526851405E9	3.354316251600076E-4	0.019663518223928828
2.3607285085E9	1.478236480041694E-4	0.012471241388783446
2.3687718765E9	2.9838246863751603E-4	0.01800672881414336
2.3768152445E9	1.4919123431875802E-4	0.01273268005146797
2.3848586125E9	3.7297808579689504E-5	0.007496356776910513
2.3929019805E9	1.864890428984475E-4	0.01399777914784945
2.398682941E9	3.4104928929591227E-4	0.019775486131217594
2.402704625E9	6.298600053261846E-5	0.007936372000644782
2.4089887165E9	1.4919123431875802E-4	0.012887962376117385
2.4170320845E9	2.977608384945212E-4	0.01878727215942915
2.4250754525E9	2.1694891990519394E-4	0.014804958237697778
2.4331188205E9	4.4720072487047715E-4	0.02165543303365915
2.4411621885E9	3.7297808579689504E-5	0.006107193183426369
2.4492055565E9	4.387465549257475E-4	0.027232421129837616
2.4572489245E9	3.7297808579689504E-5	0.006107193183426369
2.4652922925E9	1.4919123431875802E-4	0.01381900068485454
2.4733356605E9	1.118934257390685E-4	0.010764379157863001
2.4813790285E9	2.610846600578265E-4	0.016234875442386547
2.4880906375E9	5.576363653261708E-5	0.007467505375466233
2.4921123215E9	0.0	0.0
2.4974657645E9	1.4546145346078907E-4	0.01333364994652702
2.5055091325E9	1.4546145346078907E-4	0.012060740170519762
2.5135525005E9	7.459561715937901E-5	0.008694263935962074
2.5215958685E9	2.2366252544953806E-4	0.016204214649313126
2.5296392365E9	3.7297808579689504E-5	0.006267936266210191
2.5376826045E9	2.426844078251797E-4	0.017034581026546685
2.5457259725E9	2.23786851478137E-4	0.015272053877971304
2.5537693405E9	1.118934257390685E-4	0.010694856067804176
2.5618127085E9	1.118934257390685E-4	0.010729673922475072
2.5698560765E9	1.118934257390685E-4	0.010577968885332785
2.573957882E9	0.0	0.0
2.577979566E9	2.2833584397050663E-4	0.015880310272181695
2.5859428125E9	1.4919123431875802E-4	0.01285898977511933
2.5939861805E9	1.4919123431875802E-4	0.013050925606277207
2.6020295485E9	3.7297808579689504E-5	0.006107193183426369
2.6100729165E9	1.118934257390685E-4	0.010844926143345602
2.6181162845E9	1.4919123431875802E-4	0.01327758669914576
2.6261596525E9	2.23786851478137E-4	0.014959507059998234
2.6342030205E9	1.4919123431875802E-4	0.012476224902024819
2.6422463885E9	1.4919123431875802E-4	0.01327758669914576
2.6502897565E9	2.9838246863751603E-4	0.019105528518378163
2.6543613645E9	0.0	0.0
2.6583830485E9	1.5106652969967973E-4	0.012968708612103344
2.6663764925E9	2.4579255854015385E-4	0.016092579581025664
2.6744198605E9	7.459561715937901E-5	0.009208167651845515
2.6824632285E9	2.23786851478137E-4	0.01546619794986501
2.6905065965E9	2.750091752609106E-4	0.017324059369498292
2.6985499645E9	1.1176909971046954E-4	0.011972798794542848
2.7065933325E9	2.107326184752457E-4	0.01532487742278694
2.7118219605E9	0.0	0.0
2.7158436445E9	2.1298592409956158E-4	0.015225484292293813
2.7226800685E9	2.1794352813398567E-4	0.01645923498578062
2.7307234365E9	1.8437550041226511E-4	0.01359679390616262
2.7387668045E9	2.2428415559253289E-4	0.015100130345480526
2.7468101725E9	1.8499713055525994E-4	0.014657263640223284
2.7548535405E9	1.4919123431875802E-4	0.012486185961417607
2.7628969085E9	2.9229049323616676E-4	0.017491894019289418
2.7709402765E9	1.118934257390685E-4	0.010879263726292082
2.776217516E9	2.3893806366982582E-4	0.015457621539869121
2.7802392E9	0.0	0.0
2.7870270125E9	1.8325656615487441E-4	0.014042118122205014
2.7950703805E9	1.3812621777345012E-4	0.011752711081850439
2.8031137485E9	1.4919123431875802E-4	0.012214386366852738
2.8111571165E9	2.224192651635484E-4	0.014947035605508543
2.8192004845E9	1.118934257390685E-4	0.010577968885332785
2.8237026115E9	3.122118544759732E-4	0.0176695176639311
2.8277242955E9	0.0	0.0
2.8352872205E9	3.7297808579689504E-5	0.006782376470059521
2.8433305885E9	2.23786851478137E-4	0.015157654859868242
2.8513739565E9	1.4919123431875802E-4	0.012878312084703466
2.8594173245E9	1.118934257390685E-4	0.01079897285975982
2.8674606925E9	1.4919123431875802E-4	0.01307947305330669
2.8732419495E9	2.546072257303334E-4	0.015956416443874025
2.8772636335E9	2.643548437720342E-4	0.017094002925262627
2.8835474285E9	3.7297808579689504E-5	0.006107193183426369
2.8915907965E9	1.4807230006136732E-4	0.01216849621199626
2.8996341645E9	3.72978085796895E-4	0.020051692609080483
2.9076775325E9	1.118934257390685E-4	0.011694384612234262
2.9157209005E9	3.2113413187112664E-4	0.018951989252382187
2.9237642685E9	2.23786851478137E-4	0.015377519513732748
2.9318076365E9	2.23786851478137E-4	0.01601901754254186
2.9398510045E9	3.7297808579689504E-5	0.006107193183426369
2.9478943725E9	1.4919123431875802E-4	0.01281055649652402
2.9559377405E9	1.861160648126506E-4	0.013651546317902913
2.9639811085E9	1.864890428984475E-4	0.01430526627063951
2.9720244765E9	3.724807816824992E-4	0.019995812260927823
2.9800678445E9	3.2996127990165316E-4	0.018797195888702618
2.9881112125E9	1.4931556034735696E-4	0.01249613908054404
2.9961545805E9	1.864890428984475E-4	0.01452947337521366
3.0041979485E9	7.459561715937901E-5	0.01029202489145446
3.0122413165E9	1.4919123431875802E-4	0.012214386366852738
3.0202846845E9	2.610846600578265E-4	0.01704187791316386
3.027674393E9	3.500568359879805E-4	0.019203181067256592
3.031696077E9	0.0	0.0
3.0363714205E9	0.0	0.0
3.0444147885E9	3.7297808579689504E-5	0.006107193183426369
3.0524581565E9	0.0	0.0
3.0605015245E9	0.0	0.0
3.0685448925E9	0.0	0.0
3.0765882605E9	0.0	0.0
3.0844398885E9	0.0	0.0
3.088278117E9	0.03621220351258374	0.20228640579440732
3.088373929E9	0.0	0.0
3.0884774725E9	0.0	0.0
3.0885573295E9	0.0	0.0
3.0886372415E9	0.009333582228859437	0.09725240352768097
3.0886706715E9	0.0	0.0
3.0887081185E9	0.0	0.0
3.0887493115E9	0.0	0.0
3.088858438E9	0.0	0.0
3.088966832E9	0.0	0.0
3.089008063E9	0.0	0.0
3.089109657E9	0.0	0.0
3.089267292E9	0.0	0.0
3.08942189E9	0.0	0.0
3.089604443E9	0.0	0.0
3.089755642E9	0.0	0.0
3.0898220175E9	0.0	0.0
3.0898610755E9	0.0	0.0
3.089968525E9	0.0	0.0
3.0900764725E9	0.005941101152368758	0.07707853885725104
3.0901461555E9	0.0	0.0
3.090297168E9	0.0	0.0
3.090503609E9	0.0	0.0
3.0907062205E9	0.0	0.0
3.09089898E9	0.0015407193853835346	0.03925199848903919
3.091013772E9	0.0	0.0
3.091052607E9	0.0	0.0
3.0911587895E9	0.001707077136739772	0.041316790010112986
3.091267064E9	0.0	0.0
3.0915130575E9	0.0	0.0
3.092673561E9	0.0	0.0
3.093702736E9	0.0	0.0
3.093935951E9	0.0	0.0
3.094132646E9	0.0	0.0
3.0942642985E9	0.0	0.0
3.094360447E9	0.0	0.0
3.0944711045E9	0.0	0.0
3.0946435155E9	0.0	0.0
3.094747446E9	0.0	0.0
3.0948598115E9	0.0	0.0
3.0950026905E9	0.0	0.0
3.095104297E9	0.0	0.0
3.095190977E9	0.0	0.0
3.0952465895E9	0.0	0.0
3.0952663465E9	0.0	0.0
3.095268566E9	0.0	0.0
3.0952706195E9	0.0	0.0
3.0952723265E9	0.0	0.0
3.0952838005E9	0.0	0.0
3.0952967465E9	0.0	0.0
3.095299555E9	0.0	0.0
3.0953008775E9	0.0	0.0
3.0953027375E9	0.0	0.0
3.0953043745E9	0.0	0.0
3.095311073E9	0.0	0.0
3.0953361175E9	0.0	0.0
3.095355552E9	0.0	0.0
3.0953574645E9	0.0	0.0
3.095360032E9	0.0	0.0
3.095361791E9	0.0	0.0
3.095363378E9	0.0	0.0
3.095365611E9	0.0	0.0
3.0953678415E9	0.0	0.0
3.095369933E9	0.0	0.0
3.095371677E9	0.0	0.0
3.09537289E9	0.0	0.0
3.0953743225E9	0.0	0.0
3.095375945E9	0.0	0.0
3.095572656E9	7.651870499743662E-4	0.029361722411519377
3.095769303E9	0.0	0.0
3.0957708065E9	0.0	0.0
3.0957736535E9	0.0	0.0
3.095822105E9	0.0	0.0
3.095924849E9	0.0	0.0
3.095983129E9	0.0	0.0
3.095986364E9	0.0	0.0
3.0959887305E9	0.0	0.0
3.0959909825E9	0.0	0.0
3.095993051E9	0.0	0.0
3.0959946765E9	0.0	0.0
3.096006671E9	0.0	0.0
3.0960870785E9	0.0	0.0
3.0961589785E9	0.0	0.0
3.096165879E9	0.0	0.0
3.096173123E9	0.0	0.0
3.09617898E9	0.0	0.0
3.096183283E9	0.0	0.0
3.096185859E9	0.0	0.0
3.0961883E9	0.0	0.0
3.0961908755E9	0.0	0.0
3.096192456E9	0.0	0.0
3.096238607E9	0.0	0.0
3.0962848625E9	0.0	0.0
3.096286263E9	0.0	0.0
3.0962877625E9	0.0	0.0
3.096289947E9	0.0	0.0
3.096292208E9	0.0	0.0
3.0962965075E9	0.0	0.0
3.096315547E9	0.0	0.0
3.0963533005E9	0.0	0.0
3.09637788E9	0.0	0.0
3.096382479E9	0.0	0.0
3.0963879875E9	0.0	0.0
3.0963943185E9	0.0	0.0
3.096398918E9	0.0	0.0
3.0964033365E9	0.0	0.0
3.0964070605E9	0.0	0.0
3.0964084065E9	0.0	0.0
3.0964096105E9	0.0	0.0
3.096411644E9	0.0	0.0
3.0964135175E9	0.0	0.0
3.0964147555E9	0.0	0.0
3.0964161835E9	0.0	0.0
3.0964174105E9	0.0	0.0
3.096418484E9	0.2604817127564674	0.6570824601984487
3.096419946E9	0.0	0.0
3.096422275E9	0.0	0.0
3.0964254675E9	0.0	0.0
3.0964313925E9	0.0	0.0
3.0964360765E9	0.0	0.0
3.096437123E9	0.0	0.0
3.0964382945E9	0.0	0.0
3.096440137E9	0.0	0.0
3.096442099E9	0.0	0.0
3.096443439E9	0.0	0.0
3.0964449505E9	0.0	0.0
3.0964464985E9	0.0	0.0
3.0964475915E9	0.0	0.0
3.0964489705E9	0.0	0.0
3.0964506065E9	0.0	0.0
3.0964522235E9	0.0	0.0
3.0964537525E9	0.0	0.0
3.0964552355E9	0.0	0.0
3.09645655E9	0.0	0.0
3.0964580005E9	0.0	0.0
3.0964594605E9	0.0	0.0
3.096462063E9	0.0	0.0
3.0964647385E9	0.0	0.0
3.0964666345E9	0.0	0.0
3.0964687875E9	0.0	0.0
3.096470338E9	0.0	0.0
3.0964722525E9	0.0	0.0
3.096474844E9	0.0	0.0
3.0964802425E9	0.0	0.0
3.0964880595E9	0.0	0.0
3.0965833285E9	0.0	0.0
3.0966857285E9	0.0	0.0
3.0967753275E9	0.001856396302465447	0.04308591768159809
3.0969348755E9	0.0018541179960692698	0.04743061425455133
3.097105623E9	0.0016416888804794845	0.04051776006246501
3.0972741855E9	0.0	0.0
3.0973604055E9	0.0	0.0
3.097450029E9	0.0	0.0
3.0976374775E9	0.0014241092196830881	0.037737371658385116
3.0978270425E9	0.0	0.0
3.097932224E9	0.0	0.0
3.0979864125E9	0.0	0.0
3.098119023E9	0.0	0.0
3.098265051E9	0.0	0.0
3.098391091E9	0.0	0.0
3.0985448955E9	0.0	0.0
3.0986946915E9	0.0	0.0
3.098783935E9	0.0	0.0
3.0988292795E9	0.0	0.0
3.098880847E9	0.0	0.0
3.098919304E9	0.0	0.0
3.0989774605E9	0.0	0.0
3.099052881E9	0.0	0.0
3.0991573655E9	0.002178364483945454	0.04667295238085388
3.099319594E9	0.0	0.0
3.0995012675E9	0.0	0.0
3.099670145E9	0.0	0.0
3.0999279405E9	0.0	0.0
3.100233298E9	0.0	0.0
3.1004161975E9	0.0	0.0
3.100563604E9	0.0	0.0
3.100747466E9	0.0	0.0
3.1008938195E9	0.0	0.0
3.1011322435E9	0.0	0.0
3.1013406625E9	0.0	0.0
3.1018216205E9	0.0	0.0
3.10249025E9	0.0	0.0
3.1027859675E9	0.0	0.0
3.1029370045E9	0.0	0.0
3.103040568E9	0.0	0.0
3.103187824E9	0.0	0.0
3.1033599445E9	0.0	0.0
3.1034919475E9	0.0	0.0
3.103630163E9	0.0	0.0
3.103765693E9	0.0	0.0
3.1038899E9	0.0	0.0
3.104000147E9	0.0	0.0
3.104103262E9	0.0	0.0
3.104213238E9	0.0	0.0
3.1043622315E9	0.0	0.0
3.1045301035E9	0.0	0.0
3.1046754705E9	0.0	0.0
3.104762046E9	0.0	0.0
3.104838637E9	0.0	0.0
3.1050052845E9	0.0	0.0
3.105207674E9	0.0	0.0
3.105384834E9	0.0	0.0
3.1055957845E9	0.0	0.0
3.1057764275E9	0.0	0.0
3.1059356005E9	0.0	0.0
3.106119471E9	0.0	0.0
3.1062928875E9	0.0	0.0
3.1064952125E9	0.0	0.0
3.106793429E9	0.0	0.0
3.107037494E9	0.0	0.0
3.1073867035E9	5.115298835757985E-4	0.022617026408787662
3.107759424E9	0.0	0.0
3.1079211745E9	0.0	0.0
3.1080633985E9	0.0	0.0
3.1082263265E9	0.0	0.0
3.1084513465E9	0.0	0.0
3.1086364625E9	0.0	0.0
3.108789052E9	0.0016755751411672056	0.04093378972398238
3.1089764285E9	0.0	0.0
3.1091156475E9	0.0	0.0
3.1092704375E9	0.0	0.0
3.1094661425E9	0.0	0.0
3.1103548855E9	0.0	0.0
3.11121197E9	0.0	0.0
3.1113489445E9	0.0	0.0
3.111522028E9	0.0	0.0
3.1116747035E9	0.0	0.0
3.112262033E9	0.0	0.0
3.11459822E9	0.0	0.0
3.1165009275E9	0.0	0.0
3.1166649055E9	0.0	0.0
3.1168033475E9	0.0	0.0
3.1173009555E9	0.0	0.0
3.117773698E9	0.0	0.0
3.117904112E9	0.0	0.0
3.1180957915E9	0.0	0.0
3.1183304505E9	0.0	0.0
3.1185453175E9	0.0018993111831442464	0.048268226795587545
3.1187290865E9	0.0	0.0
3.1189129625E9	0.0	0.0
3.119051637E9	0.0	0.0
3.1196670135E9	2.698885360346177E-4	0.016428284634575144
3.120358526E9	0.001105155550643753	0.0332438798975654
3.1205574705E9	0.0	0.0
3.120723736E9	0.0	0.0
3.12082873E9	0.0	0.0
3.1209034785E9	0.0	0.0
3.1211176495E9	0.0	0.0
3.1214052355E9	0.0	0.0
3.1220442065E9	3.0644156402903687E-4	0.017447410974059125
3.1226870745E9	0.0	0.0
3.1231494355E9	0.0	0.0
3.1235325875E9	0.0	0.0
3.123790701E9	0.0	0.0
3.124044676E9	0.0	0.0
3.1241297635E9	0.0	0.0
3.124227575E9	0.0	0.0
3.124459987E9	0.0	0.0
3.1246790295E9	0.0	0.0
3.1248266455E9	0.0	0.0
3.124943915E9	0.0	0.0
3.1250653335E9	0.0	0.0
3.1251809925E9	0.0	0.0
3.1254305495E9	0.0	0.0
3.1257397175E9	0.0	0.0
3.1259200925E9	0.0	0.0
3.1261657415E9	0.0	0.0
3.1264148E9	0.001593075432121711	0.039913349046674984
3.126614024E9	0.0	0.0
3.1268076365E9	0.0	0.0
3.12704463E9	0.0	0.0
3.127295107E9	0.0	0.0
3.12747434E9	0.0	0.0
3.1276520425E9	0.0	0.0
3.127848246E9	0.0	0.0
3.127977804E9	0.0	0.0
3.128104742E9	0.0	0.0
3.128281483E9	0.0	0.0
3.128569275E9	0.0	0.0
3.1287934555E9	0.0	0.0
3.1288418265E9	0.0	0.0
3.1289022285E9	0.0	0.0
3.129053374E9	0.0012597684545580523	0.03844643442524653
3.1292570325E9	0.0	0.0
3.129410949E9	0.0	0.0
3.1295567135E9	0.0	0.0
3.1296928995E9	0.0	0.0
3.129844808E9	0.0	0.0
3.129974998E9	0.0	0.0
3.1300410955E9	0.0	0.0
3.1301650045E9	0.0	0.0
3.1303509995E9	0.0	0.0
3.1304930685E9	0.0	0.0
3.1306295515E9	0.0	0.0
3.130867575E9	0.0	0.0
3.131039675E9	0.0	0.0
3.1312194015E9	0.0	0.0
3.13213604E9	0.0	0.0
3.132981947E9	0.0	0.0
3.133747995E9	0.0	0.0
3.134663191E9	0.0	0.0
3.1350342175E9	0.0011062367422658465	0.03326013743606371
3.1353294355E9	0.0	0.0
3.13564139E9	0.0	0.0
3.135912112E9	0.0	0.0
3.136228957E9	0.0	0.0
3.1366387835E9	0.0	0.0
3.136883872E9	0.0	0.0
3.1369509685E9	0.0	0.0
3.1370204075E9	0.0	0.0
3.137168827E9	0.0	0.0
3.1386151055E9	9.43715456630447E-5	0.009714501822689865
3.1400411865E9	0.0	0.0
3.1401822535E9	0.0	0.0
3.140414935E9	0.0	0.0
3.140798459E9	0.0	0.0
3.1410924815E9	0.0	0.0
3.1426293625E9	2.0854520947323566E-4	0.015463888262528829
3.144206965E9	0.0	0.0
3.144381203E9	0.0	0.0
3.144482951E9	0.0	0.0
3.1447532075E9	0.0	0.0
3.1456642035E9	0.0	0.0
3.146483516E9	0.0	0.0
3.146713427E9	0.0	0.0
3.146885722E9	0.0	0.0
3.146985213E9	0.0	0.0
3.147119783E9	0.0	0.0
3.147265112E9	0.0	0.0
3.147465896E9	0.0	0.0
3.147693206E9	0.0	0.0
3.1478747395E9	0.0	0.0
3.1480261545E9	0.0	0.0
3.1481624055E9	0.0	0.0
3.148326154E9	0.0	0.0
3.148489927E9	0.0	0.0
3.1486047935E9	0.0	0.0
3.148662145E9	0.0	0.0
3.148881458E9	0.0	0.0
3.1491593975E9	0.0	0.0
3.1493385205E9	0.0	0.0
3.1495104645E9	0.0	0.0
3.1496099745E9	0.0	0.0
3.1497484335E9	0.0	0.0
3.1503591725E9	0.0	0.0
3.1509172235E9	0.0	0.0
3.1510408035E9	0.0	0.0
3.151129521E9	0.0	0.0
3.151250568E9	0.0	0.0
3.151374243E9	0.0	0.0
3.151489573E9	0.0	0.0
3.1516448945E9	0.0	0.0
3.151817443E9	0.0	0.0
3.151955368E9	0.0	0.0
3.152051039E9	0.0	0.0
3.1521507295E9	0.0	0.0
3.1523220325E9	0.0	0.0
3.1525451205E9	0.0	0.0
3.152790319E9	0.0	0.0
3.1529713215E9	0.0	0.0
3.1531031545E9	0.0	0.0
3.153256718E9	0.0	0.0
3.1533558455E9	0.0	0.0
3.153485713E9	0.0	0.0
3.153709553E9	0.0	0.0
3.1539240905E9	0.0	0.0
3.154120597E9	0.0	0.0
3.1543302E9	0.0	0.0
3.154493926E9	0.0	0.0
3.154657966E9	0.0	0.0
3.154845599E9	0.0	0.0
3.1550524745E9	0.0	0.0
3.1552349965E9	0.0	0.0
3.1553981115E9	0.0	0.0
3.15557571E9	0.0	0.0
3.1557532995E9	0.0	0.0
3.1559197455E9	0.0	0.0
3.1561079305E9	0.001400834897598969	0.037427728993340875
3.1562956185E9	0.0	0.0
3.1564576755E9	0.0	0.0
3.156728397E9	0.0	0.0
3.1574898795E9	0.0	0.0
3.158127567E9	0.0	0.0
3.159618335E9	1.0524177719684317E-4	0.011666734697760002
3.1620159675E9	0.0	0.0
3.163083745E9	0.0	0.0
3.163247659E9	0.0	0.0
3.163475482E9	0.0	0.0
3.163688181E9	0.0	0.0
3.163848849E9	0.0	0.0
3.164242336E9	0.0	0.0
3.1646267025E9	0.0	0.0
3.1669059435E9	1.3640225414467992E-4	0.013051087390190208
3.1694866505E9	0.0	0.0
3.169955169E9	0.0	0.0
3.170102579E9	0.0	0.0
3.1703440285E9	0.0	0.0
3.1705509635E9	0.0	0.0
3.1713065935E9	2.107940612286483E-4	0.014518748610973617
3.172105219E9	0.0	0.0
3.1722711045E9	0.0	0.0
3.1727147195E9	0.0	0.0
3.173116486E9	0.0	0.0
3.173290497E9	0.0	0.0
3.1735300985E9	0.0	0.0
3.173718028E9	0.0	0.0
3.1738956185E9	0.0	0.0
3.1740833425E9	0.0	0.0
3.174240364E9	0.0	0.0
3.17438727E9	0.0	0.0
3.174571623E9	0.0	0.0
3.1748117375E9	0.0	0.0
3.175046817E9	0.0	0.0
3.1752354605E9	0.0	0.0
3.1754134065E9	0.0	0.0
3.175774576E9	0.0010795269512899447	0.032856155455103765
3.176591418E9	0.0	0.0
3.1788938235E9	0.0	0.0
3.1807719275E9	0.0	0.0
3.1809958745E9	0.0	0.0
3.1816373325E9	0.0	0.0
3.182257536E9	0.0	0.0
3.182438689E9	0.0	0.0
3.182632177E9	0.0	0.0
3.1828176375E9	0.0	0.0
3.1830105775E9	0.0	0.0
3.183203712E9	0.0	0.0
3.183377671E9	0.0	0.0
3.1835480905E9	0.0	0.0
3.184401774E9	0.0	0.0
3.1867405955E9	9.573243931999333E-5	0.01010517698713517
3.188853383E9	0.0	0.0
3.189497979E9	0.0	0.0
3.1914068755E9	8.286281067339292E-5	0.009102901222873558
3.193820782E9	0.0	0.0
3.1949576625E9	0.0	0.0
3.1955729425E9	0.0017360053602972529	0.04166539763757515
3.1979582215E9	0.0	0.0
3.20076094E9	0.0	0.0
3.2012622815E9	0.0	0.0
3.201346902E9	0.0	0.0
3.20389434E9	0.0	0.0
3.2068525245E9	0.0	0.0
3.2073844505E9	0.0	0.0
3.207821066E9	0.0	0.0
3.2087527055E9	0.0	0.0
3.209294969E9	0.0	0.0
3.2093808805E9	0.0	0.0
3.2094590285E9	0.0	0.0
3.209461645E9	0.0	0.0
3.2094647175E9	0.0	0.0
3.2094670945E9	0.0	0.0
3.209468612E9	0.0	0.0
3.20946986E9	0.0	0.0
3.209470931E9	0.0	0.0
3.20947226E9	0.0	0.0
3.2094746305E9	0.0	0.0
3.2094771585E9	0.0	0.0
3.209479681E9	0.0	0.0
3.209482509E9	0.0	0.0
3.209484929E9	0.0	0.0
3.209486852E9	0.0	0.0
3.2094886505E9	0.0	0.0
3.2094902845E9	0.0	0.0
3.209491663E9	0.0	0.0
3.2094943225E9	0.0	0.0
3.209496879E9	0.0	0.0
3.2094981625E9	0.0	0.0
3.209501593E9	0.0	0.0
3.209507315E9	0.0	0.0
3.2095117055E9	0.0	0.0
3.2095141095E9	0.0	0.0
3.209516191E9	0.0	0.0
3.209518321E9	0.0	0.0
3.2095200055E9	0.0	0.0
3.2095213545E9	0.0	0.0
3.209522495E9	0.0	0.0
3.2095237055E9	0.0	0.0
3.209525275E9	0.0	0.0
3.2095288145E9	0.0	0.0
3.209532586E9	0.0	0.0
3.2095343275E9	0.0	0.0
3.20953589E9	0.0	0.0
3.209537629E9	0.0	0.0
3.209539924E9	0.0	0.0
3.209542824E9	0.0	0.0
3.2095447675E9	0.0	0.0
3.2095458175E9	0.0	0.0
3.20954722E9	0.0	0.0
3.2095490785E9	0.0	0.0
3.2095508515E9	0.0	0.0
3.209552521E9	0.0	0.0
3.2095541785E9	0.0	0.0
3.209555955E9	0.0	0.0
3.2095575495E9	0.0	0.0
3.2095590825E9	0.0	0.0
3.2095618495E9	0.0	0.0
3.209565064E9	0.0	0.0
3.209566965E9	0.0	0.0
3.2095680075E9	0.0	0.0
3.209569045E9	0.0	0.0
3.209570851E9	0.0	0.0
3.2095763585E9	0.0	0.0
3.2095833305E9	0.0	0.0
3.209587184E9	0.0	0.0
3.209588803E9	0.0	0.0
3.209593677E9	0.0	0.0
3.2095993535E9	0.0	0.0
3.2096018985E9	0.0	0.0
3.209604203E9	0.0	0.0
3.209606344E9	0.0	0.0
3.2096079825E9	0.0	0.0
3.209609177E9	0.0	0.0
3.2096111725E9	0.0	0.0
3.2096139625E9	0.0	0.0
3.2096251315E9	0.0	0.0
3.2096363275E9	0.0	0.0
3.2096430295E9	0.0	0.0
3.2096528405E9	0.0	0.0
3.209661007E9	0.0	0.0
3.2096658715E9	0.0	0.0
3.2096679895E9	0.0	0.0
3.209669525E9	0.0	0.0
3.209672363E9	0.0	0.0
3.2096766565E9	0.0	0.0
3.2096807945E9	0.0	0.0
3.2096842985E9	0.0	0.0
3.2096877375E9	0.0	0.0
3.2096907425E9	0.0	0.0
3.2096923465E9	0.0	0.0
3.2096950385E9	0.0	0.0
3.209700074E9	0.0	0.0
3.209704843E9	0.0	0.0
3.209709143E9	0.0	0.0
3.209713992E9	0.0	0.0
3.209717848E9	0.0	0.0
3.2097199115E9	0.0	0.0
3.209722085E9	0.0	0.0
3.2097255585E9	0.0	0.0
3.2097280655E9	0.0	0.0
3.2097296125E9	0.0	0.0
3.209731964E9	0.0	0.0
3.209735213E9	0.0	0.0
3.2097404255E9	0.0	0.0
3.2097470195E9	0.0	0.0
3.20975137E9	0.0	0.0
3.209753923E9	0.0	0.0
3.2097576745E9	0.0	0.0
3.209762103E9	0.0	0.0
3.209766385E9	0.0	0.0
3.209769707E9	0.0	0.0
3.209772496E9	0.0	0.0
3.209776983E9	0.0	0.0
3.2097819105E9	0.0	0.0
3.209784609E9	0.0	0.0
3.2097858845E9	0.0	0.0
3.2097879995E9	0.0	0.0
3.2097909825E9	0.0	0.0
3.2097939485E9	0.0	0.0
3.2097962635E9	0.0	0.0
3.209799619E9	0.0	0.0
3.2098037385E9	0.0	0.0
3.2098083875E9	0.0	0.0
3.209811954E9	0.0	0.0
3.2098139485E9	0.0	0.0
3.2098159525E9	0.0	0.0
3.2098172415E9	0.0	0.0
3.209819251E9	0.0	0.0
3.209821608E9	0.0	0.0
3.2098239975E9	0.0	0.0
3.209832625E9	0.0	0.0
3.209843653E9	0.0	0.0
3.2098502565E9	0.0	0.0
3.2098555545E9	0.0	0.0
3.209858578E9	0.0	0.0
3.209862943E9	0.0	0.0
3.2098715205E9	0.0	0.0
3.209876892E9	0.0	0.0
3.209878671E9	0.0	0.0
3.2098805395E9	0.0	0.0
3.209883357E9	0.0	0.0
3.2098876815E9	0.0	0.0
3.2098949645E9	0.0	0.0
3.209902906E9	0.0	0.0
3.2099080855E9	0.0	0.0
3.2099112765E9	0.0	0.0
3.2099141005E9	0.0	0.0
3.2099167505E9	0.0	0.0
3.20991993E9	0.0	0.0
3.209923509E9	0.0	0.0
3.209926323E9	0.0	0.0
3.2099316045E9	0.0	0.0
3.2099374685E9	0.0	0.0
3.2099416005E9	0.0	0.0
3.20994481E9	0.0	0.0
3.2099473185E9	0.0	0.0
3.209949512E9	0.0	0.0
3.209953305E9	0.0	0.0
3.209958415E9	0.0	0.0
3.2099623705E9	0.0	0.0
3.2099653005E9	0.0	0.0
3.209967324E9	0.0	0.0
3.209968519E9	0.0	0.0
3.209970263E9	0.0	0.0
3.2099731475E9	0.0	0.0
3.2099762095E9	0.0	0.0
3.2099795025E9	0.0	0.0
3.2099844685E9	0.0	0.0
3.20998863E9	0.0	0.0
3.2099910575E9	0.0	0.0
3.2099941615E9	0.0	0.0
3.209996785E9	0.0	0.0
3.209998185E9	0.0	0.0
3.2100003775E9	0.0	0.0
3.210006423E9	0.0	0.0
3.2100133315E9	0.0	0.0
3.2100174445E9	0.0	0.0
3.210022105E9	0.0	0.0
3.2100264125E9	0.0	0.0
3.210032877E9	0.0	0.0
3.2100392525E9	0.0	0.0
3.2100466945E9	0.0	0.0
3.210055762E9	0.0	0.0
3.210059966E9	0.0	0.0
3.210063963E9	0.0	0.0
3.210068788E9	0.0	0.0
3.2100725865E9	0.0	0.0
3.210075514E9	0.0	0.0
3.210079522E9	0.0	0.0
3.2100840535E9	0.0	0.0
3.2100865985E9	0.0	0.0
3.210088026E9	0.0	0.0
3.2100892965E9	0.0	0.0
3.2100914655E9	0.0	0.0
3.210094043E9	0.0	0.0
3.210097334E9	0.0	0.0
3.210103277E9	0.0	0.0
3.210108525E9	0.0	0.0
3.2101119E9	0.0	0.0
3.210115758E9	0.0	0.0
3.210126679E9	0.0	0.0
3.210138026E9	0.0	0.0
3.210141692E9	0.0	0.0
3.210144261E9	0.0	0.0
3.2101470445E9	0.0	0.0
3.2101510455E9	0.0	0.0
3.210155905E9	0.0	0.0
3.2101608195E9	0.0	0.0
3.2101666685E9	0.0	0.0
3.2101721025E9	0.0	0.0
3.210175921E9	0.0	0.0
3.210179265E9	0.0	0.0
3.21018338E9	0.0	0.0
3.2101862215E9	0.0	0.0
3.210188704E9	0.0	0.0
3.2101917625E9	0.0	0.0
3.2101952805E9	0.0	0.0
3.2102003675E9	0.0	0.0
3.2102066475E9	0.0	0.0
3.2102111035E9	0.0	0.0
3.210212588E9	0.0	0.0
3.210213857E9	0.0	0.0
3.210218676E9	0.0	0.0
3.2102239675E9	0.0	0.0
3.210226393E9	0.0	0.0
3.2102296655E9	0.0	0.0
3.2102323265E9	0.0	0.0
3.2102345225E9	0.0	0.0
3.2102370775E9	0.0	0.0
3.210239569E9	0.0	0.0
3.21024222E9	0.0	0.0
3.210244332E9	0.0	0.0
3.210247653E9	0.0	0.0
3.210251157E9	0.0	0.0
3.21025289E9	0.0	0.0
3.210254503E9	0.0	0.0
3.2102560155E9	0.0	0.0
3.2102575135E9	0.0	0.0
3.210260086E9	0.0	0.0
3.2102622815E9	0.0	0.0
3.2102643335E9	0.0	0.0
3.2102663155E9	0.0	0.0
3.2102684835E9	0.0	0.0
3.2102746285E9	0.0	0.0
3.2102824735E9	0.0	0.0
3.2102882625E9	0.0	0.0
3.2102915855E9	0.0	0.0
3.2102942345E9	0.0	0.0
3.210297149E9	0.0	0.0
3.2102989145E9	0.0	0.0
3.210300134E9	0.0	0.0
3.2103021315E9	0.0	0.0
3.2103045295E9	0.0	0.0
3.210307829E9	0.0	0.0
3.210310915E9	0.0	0.0
3.210316503E9	0.0	0.0
3.210326527E9	0.0	0.0
3.210333362E9	0.0	0.0
3.2103361215E9	0.0	0.0
3.210340264E9	0.0	0.0
3.210344736E9	0.0	0.0
3.2103468855E9	0.0	0.0
3.2103491295E9	0.0	0.0
3.2103518245E9	0.0	0.0
3.210361202E9	0.0	0.0
3.210373369E9	0.0	0.0
3.210378359E9	0.0	0.0
3.2103804955E9	0.0	0.0
3.210383607E9	0.0	0.0
3.2103864335E9	0.0	0.0
3.210387708E9	0.0	0.0
3.2103925265E9	0.0	0.0
3.2103973485E9	0.0	0.0
3.2104002185E9	0.0	0.0
3.210403665E9	0.0	0.0
3.210408543E9	0.0	0.0
3.2104149395E9	0.0	0.0
3.210419661E9	0.0	0.0
3.210423847E9	0.0	0.0
3.2104270485E9	0.0	0.0
3.210429227E9	0.0	0.0
3.2104324425E9	0.0	0.0
3.2104352195E9	0.0	0.0
3.210438095E9	0.0	0.0
3.2104417525E9	0.0	0.0
3.2104443835E9	0.0	0.0
3.2104479125E9	0.0	0.0
3.2104510845E9	0.0	0.0
3.210453322E9	0.0	0.0
3.2104564385E9	0.0	0.0
3.2104594175E9	0.0	0.0
3.210461503E9	0.0	0.0
3.2104629205E9	0.0	0.0
3.210464036E9	0.0	0.0
3.2104658725E9	0.0	0.0
3.210471162E9	0.0	0.0
3.2104758695E9	0.0	0.0
3.2104786945E9	0.0	0.0
3.210497399E9	0.026083018867924527	0.16150238037850875
3.21051503E9	0.0	0.0
3.2105180185E9	0.0	0.0
3.210521482E9	0.0	0.0
3.210524046E9	0.0	0.0
3.2105267385E9	0.0	0.0
3.210529871E9	0.0	0.0
3.210534622E9	0.0	0.0
3.2105398965E9	0.0	0.0
3.21054305E9	0.0	0.0
3.210544841E9	0.0	0.0
3.2105493505E9	0.0	0.0
3.210563157E9	0.0	0.0
3.210573944E9	0.0	0.0
3.2105753615E9	0.0	0.0
3.210576857E9	0.0	0.0
3.210578444E9	0.0	0.0
3.210579848E9	0.0	0.0
3.210581639E9	0.0	0.0
3.21058393E9	0.0	0.0
3.210586831E9	0.0	0.0
3.210589101E9	0.0	0.0
3.210591045E9	0.0	0.0
3.2105947815E9	0.0	0.0
3.2105989985E9	0.0	0.0
3.210602071E9	0.0	0.0
3.210604872E9	0.0	0.0
3.210607097E9	0.0	0.0
3.2106100995E9	0.0	0.0
3.210618175E9	0.0	0.0
3.2106245855E9	0.0	0.0
3.210625758E9	0.0	0.0
3.210626841E9	0.0	0.0
3.2106279975E9	0.0	0.0
3.210629176E9	0.0	0.0
3.210630341E9	0.0	0.0
3.2106314825E9	0.0	0.0
3.2106330435E9	0.0	0.0
3.2106345975E9	0.0	0.0
3.2106357885E9	0.0	0.0
3.21063846E9	0.0	0.0
3.210644198E9	0.0	0.0
3.2106488055E9	0.0	0.0
3.2106524905E9	0.0	0.0
3.2106562315E9	0.0	0.0
3.2106577575E9	0.0	0.0
3.2106589925E9	0.0	0.0
3.210662305E9	0.0	0.0
3.210665989E9	0.0	0.0
3.2106675465E9	0.0	0.0
3.210669314E9	0.0	0.0
3.2106710505E9	0.0	0.0
3.2106722715E9	0.0	0.0
3.2106735685E9	0.0	0.0
3.210674697E9	0.0	0.0
3.2106758035E9	0.0	0.0
3.210677054E9	0.0	0.0
3.21067889E9	0.0	0.0
3.2106808585E9	0.0	0.0
3.210682784E9	0.0	0.0
3.2106855205E9	0.0	0.0
3.210692905E9	0.0	0.0
3.2106998915E9	0.0	0.0
3.2107022755E9	0.0	0.0
3.2107040415E9	0.0	0.0
3.2107063655E9	0.0	0.0
3.210708832E9	0.0	0.0
3.210741071E9	0.0	0.0
3.2107756895E9	0.0	0.0
3.2107807485E9	0.0	0.0
3.2107859095E9	0.0	0.0
3.2107968365E9	0.0	0.0
3.2108093065E9	0.0	0.0
3.210817299E9	0.0	0.0
3.2108225575E9	0.0	0.0
3.210831081E9	0.0	0.0
3.2108398775E9	0.0	0.0
3.2108437425E9	0.0	0.0
3.2108468495E9	0.0	0.0
3.210851522E9	0.0	0.0
3.2108551905E9	0.0	0.0
3.210856304E9	0.0	0.0
3.210857405E9	0.0	0.0
3.2108592795E9	0.0	0.0
3.21086209E9	0.0	0.0
3.2108648365E9	0.0	0.0
3.2108672555E9	0.0	0.0
3.2108697175E9	0.0	0.0
3.210872123E9	0.0	0.0
3.21087469E9	0.0	0.0
3.210878089E9	0.0	0.0
3.210880582E9	0.0	0.0
3.2108826205E9	0.0	0.0
3.210884605E9	0.0	0.0
3.2108871335E9	0.0	0.0
3.210890254E9	0.0	0.0
3.2108922655E9	0.0	0.0
3.21090575E9	0.0	0.0
3.2109275855E9	0.0	0.0
3.2109444715E9	0.0	0.0
3.210958961E9	0.0	0.0
3.210971479E9	0.0	0.0
3.2109821645E9	0.0	0.0
3.210992147E9	0.0	0.0
3.2110019795E9	0.0	0.0
3.21101173E9	0.0	0.0
3.2110212725E9	0.0	0.0
3.2110304115E9	0.0	0.0
3.211039111E9	0.0	0.0
3.2110475065E9	0.0	0.0
3.211055793E9	0.0	0.0
3.211063989E9	0.0	0.0
3.21107208E9	0.0	0.0
3.2110800215E9	0.0	0.0
3.2110877925E9	0.0	0.0
3.2110954985E9	0.0	0.0
3.211103089E9	0.0	0.0
3.2111105125E9	0.0	0.0
3.2111177775E9	0.0	0.0
3.211124891E9	0.0	0.0
3.211131933E9	0.0	0.0
3.211138941E9	0.0	0.0
3.2111459365E9	0.0	0.0
3.211152923E9	0.0	0.0
3.211159811E9	0.0	0.0
3.211166472E9	0.0	0.0
3.2111728575E9	0.0	0.0
3.2111789435E9	0.0	0.0
3.2111848635E9	0.0	0.0
3.2111907695E9	0.0	0.0
3.211196658E9	0.0	0.0
3.2112025145E9	0.0	0.0
3.211208303E9	0.0	0.0
3.211213963E9	0.0	0.0
3.211219458E9	0.0	0.0
3.2112247895E9	0.0	0.0
3.2112300375E9	0.0	0.0
3.2112352195E9	0.0	0.0
3.2112403075E9	0.0	0.0
3.211245316E9	0.0	0.0
3.211250222E9	0.0	0.0
3.2112550625E9	0.0	0.0
3.211259886E9	0.0	0.0
3.2112647E9	0.0	0.0
3.2112694595E9	0.0	0.0
3.2112741545E9	0.0	0.0
3.211278817E9	0.0	0.0
3.2112833965E9	0.0	0.0
3.211287873E9	0.0	0.0
3.2112923005E9	0.0	0.0
3.211296713E9	0.0	0.0
3.2113011135E9	0.0	0.0
3.211305489E9	0.0	0.0
3.211309828E9	0.0	0.0
3.2113141325E9	0.0	0.0
3.2113183985E9	0.0	0.0
3.2113226335E9	0.0	0.0
3.2113268585E9	0.0	0.0
3.2113310775E9	0.0	0.0
3.2113352905E9	0.0	0.0
3.2113394985E9	0.0	0.0
3.2113436525E9	0.0	0.0
3.211347754E9	0.0	0.0
3.211351846E9	0.0	0.0
3.211355871E9	0.0	0.0
3.211359832E9	0.0	0.0
3.211363782E9	0.0	0.0
3.2113677195E9	0.0	0.0
3.211371649E9	0.0	0.0
3.2113755755E9	0.0	0.0
3.211379497E9	0.0	0.0
3.2113834105E9	0.0	0.0
3.2113873105E9	0.0	0.0
3.2113912015E9	0.0	0.0
3.211395076E9	0.0	0.0
3.2113989285E9	0.0	0.0
3.211402769E9	0.0	0.0
3.2114066015E9	0.0	0.0
3.2114104305E9	0.0	0.0
3.211414257E9	0.0	0.0
3.21141808E9	0.0	0.0
3.211421895E9	0.0	0.0
3.2114257E9	0.0	0.0
3.2114295E9	0.0	0.0
3.211433268E9	0.0	0.0
3.211436987E9	0.0	0.0
3.2114406865E9	0.0	0.0
3.2114443815E9	0.0	0.0
3.2114480705E9	0.0	0.0
3.211451752E9	0.0	0.0
3.2114554225E9	0.0	0.0
3.211459061E9	0.0	0.0
3.211462673E9	0.0	0.0
3.2114662815E9	0.0	0.0
3.2114698765E9	0.0	0.0
3.211473459E9	0.0	0.0
3.211477021E9	0.0	0.0
3.2114805565E9	0.0	0.0
3.211484084E9	0.0	0.0
3.2114875955E9	0.0	0.0
3.21149109E9	0.0	0.0
3.2114945785E9	0.0	0.0
3.211498038E9	0.0	0.0
3.211501451E9	0.0	0.0
3.2115048335E9	0.0	0.0
3.211508206E9	0.0	0.0
3.211511572E9	0.0	0.0
3.211514928E9	0.0	0.0
3.2115182735E9	0.0	0.0
3.2115216035E9	0.0	0.0
3.2115249045E9	0.0	0.0
3.2115281845E9	0.0	0.0
3.2115314535E9	0.0	0.0
3.2115347125E9	0.0	0.0
3.211537968E9	0.0	0.0
3.211541218E9	0.0	0.0
3.2115444565E9	0.0	0.0
3.2115476835E9	0.0	0.0
3.2115509035E9	0.0	0.0
3.2115541175E9	0.0	0.0
3.2115573205E9	0.0	0.0
3.211560512E9	0.0	0.0
3.211563695E9	0.0	0.0
3.2115668715E9	0.0	0.0
3.211570046E9	0.0	0.0
3.2115732175E9	0.0	0.0
3.2115763855E9	0.0	0.0
3.21157955E9	0.0	0.0
3.211582703E9	0.0	0.0
3.211585843E9	0.0	0.0
3.2115889695E9	0.0	0.0
3.2115920805E9	0.0	0.0
3.21159518E9	0.0	0.0
3.211598266E9	0.0	0.0
3.211601332E9	0.0	0.0
3.211604384E9	0.0	0.0
3.211607417E9	0.0	0.0
3.2116104305E9	0.0	0.0
3.211613441E9	0.0	0.0
3.211616444E9	0.0	0.0
3.211619441E9	0.0	0.0
3.211622431E9	0.0	0.0
3.211625412E9	0.0	0.0
3.211628385E9	0.0	0.0
3.211631352E9	0.0	0.0
3.2116343185E9	0.0	0.0
3.2116372785E9	0.0	0.0
3.2116402315E9	0.0	0.0
3.2116431745E9	0.0	0.0
3.2116461005E9	0.0	0.0
3.211649007E9	0.0	0.0
3.211651898E9	0.0	0.0
3.211654781E9	0.0	0.0
3.2116576595E9	0.0	0.0
3.2116605345E9	0.0	0.0
3.2116634045E9	0.0	0.0
3.2116662715E9	0.0	0.0
3.211669137E9	0.0	0.0
3.2116720015E9	0.0	0.0
3.211674863E9	0.0	0.0
3.2116777195E9	0.0	0.0
3.2116805615E9	0.0	0.0
3.2116833905E9	0.0	0.0
3.2116862165E9	0.0	0.0
3.211689038E9	0.0	0.0
3.211691854E9	0.0	0.0
3.211694665E9	0.0	0.0
3.2116974705E9	0.0	0.0
3.211700267E9	0.0	0.0
3.211703054E9	0.0	0.0
3.2117058345E9	0.0	0.0
3.211708612E9	0.0	0.0
3.2117113855E9	0.0	0.0
3.211714155E9	0.0	0.0
3.211716923E9	0.0	0.0
3.211719688E9	0.0	0.0
3.211722442E9	0.0	0.0
3.2117251855E9	0.0	0.0
3.2117279245E9	0.0	0.0
3.211730657E9	0.0	0.0
3.2117333845E9	0.0	0.0
3.211736107E9	0.0	0.0
3.211738824E9	0.0	0.0
3.2117415355E9	0.0	0.0
3.2117442415E9	0.0	0.0
3.2117469395E9	0.0	0.0
3.211749631E9	0.0	0.0
3.2117523215E9	0.0	0.0
3.21175501E9	0.0	0.0
3.211757692E9	0.0	0.0
3.2117603645E9	0.0	0.0
3.2117630325E9	0.0	0.0
3.211765698E9	0.0	0.0
3.211768357E9	0.0	0.0
3.2117710065E9	0.0	0.0
3.2117736495E9	0.0	0.0
3.2117762865E9	0.0	0.0
3.2117789185E9	0.0	0.0
3.2117815485E9	0.0	0.0
3.211784174E9	0.0	0.0
3.2117867965E9	0.0	0.0
3.211789417E9	0.0	0.0
3.211792029E9	0.0	0.0
3.211794633E9	0.0	0.0
3.211797235E9	0.0	0.0
3.2117998345E9	0.0	0.0
3.211802432E9	0.0	0.0
3.2118050285E9	0.0	0.0
3.2118076235E9	0.0	0.0
3.2118102135E9	0.0	0.0
3.211812799E9	0.0	0.0
3.211815383E9	0.0	0.0
3.2118179635E9	0.0	0.0
3.211820537E9	0.0	0.0
3.211823106E9	0.0	0.0
3.211825666E9	0.0	0.0
3.2118282155E9	0.0	0.0
3.2118307635E9	0.0	0.0
3.2118333105E9	0.0	0.0
3.211835856E9	0.0	0.0
3.2118383955E9	0.0	0.0
3.211840929E9	0.0	0.0
3.2118434565E9	0.0	0.0
3.2118459785E9	0.0	0.0
3.211848497E9	0.0	0.0
3.211851011E9	0.0	0.0
3.211853521E9	0.0	0.0
3.2118560265E9	0.0	0.0
3.211858527E9	0.0	0.0
3.211861011E9	0.0	0.0
3.211863479E9	0.0	0.0
3.2118659435E9	0.0	0.0
3.211868405E9	0.0	0.0
3.211870863E9	0.0	0.0
3.2118733165E9	0.0	0.0
3.211875759E9	0.0	0.0
3.2118781935E9	0.0	0.0
3.2118806265E9	0.0	0.0
3.211883056E9	0.0	0.0
3.21188548E9	0.0	0.0
3.2118879005E9	0.0	0.0
3.2118903175E9	0.0	0.0
3.2118927265E9	0.0	0.0
3.21189513E9	0.0	0.0
3.2118975325E9	0.0	0.0
3.211899932E9	0.0	0.0
3.211902328E9	0.0	0.0
3.2119047225E9	0.0	0.0
3.2119071135E9	0.0	0.0
3.2119094985E9	0.0	0.0
3.21191188E9	0.0	0.0
3.2119142605E9	0.0	0.0
3.2119166345E9	0.0	0.0
3.2119190005E9	0.0	0.0
3.211921364E9	0.0	0.0
3.2119237195E9	0.0	0.0
3.211926063E9	0.0	0.0
3.2119284E9	0.0	0.0
3.2119307335E9	0.0	0.0
3.211933065E9	0.0	0.0
3.2119353955E9	0.0	0.0
3.211937722E9	0.0	0.0
3.211940043E9	0.0	0.0
3.2119423595E9	0.0	0.0
3.2119446705E9	0.0	0.0
3.2119469775E9	0.0	0.0
3.2119492785E9	0.0	0.0
3.21195157E9	0.0	0.0
3.211953853E9	0.0	0.0
3.2119561305E9	0.0	0.0
3.211958405E9	0.0	0.0
3.2119606725E9	0.0	0.0
3.2119629305E9	0.0	0.0
3.2119651835E9	0.0	0.0
3.211967432E9	0.0	0.0
3.211969674E9	0.0	0.0
3.211971905E9	0.0	0.0
3.2119741265E9	0.0	0.0
3.2119763455E9	0.0	0.0
3.211978562E9	0.0	0.0
3.211980776E9	0.0	0.0
3.211982984E9	0.0	0.0
3.2119851855E9	0.0	0.0
3.211987384E9	0.0	0.0
3.2119895795E9	0.0	0.0
3.211991768E9	0.0	0.0
3.211993949E9	0.0	0.0
3.211996127E9	0.0	0.0
3.211998304E9	0.0	0.0
3.212000481E9	0.0	0.0
3.2120026535E9	0.0	0.0
3.2120048175E9	0.0	0.0
3.212006975E9	0.0	0.0
3.2120091245E9	0.0	0.0
3.212011268E9	0.0	0.0
3.2120134075E9	0.0	0.0
3.2120155425E9	0.0	0.0
3.212017674E9	0.0	0.0
3.2120198025E9	0.0	0.0
3.212021929E9	0.0	0.0
3.212024054E9	0.0	0.0
3.2120261775E9	0.0	0.0
3.212028294E9	0.0	0.0
3.2120304025E9	0.0	0.0
3.2120325025E9	0.0	0.0
3.212034596E9	0.0	0.0
3.2120366865E9	0.0	0.0
3.2120387735E9	0.0	0.0
3.2120408595E9	0.0	0.0
3.2120429445E9	0.0	0.0
3.2120450265E9	0.0	0.0
3.212047106E9	0.0	0.0
3.2120491835E9	0.0	0.0
3.212051257E9	0.0	0.0
3.2120533255E9	0.0	0.0
3.212055389E9	0.0	0.0
3.212057447E9	0.0	0.0
3.212059501E9	0.0	0.0
3.2120615475E9	0.0	0.0
3.2120635855E9	0.0	0.0
3.212065621E9	0.0	0.0
3.2120676555E9	0.0	0.0
3.2120696885E9	0.0	0.0
3.212071719E9	0.0	0.0
3.212073746E9	0.0	0.0
3.212075769E9	0.0	0.0
3.2120777885E9	0.0	0.0
3.212079805E9	0.0	0.0
3.212081817E9	0.0	0.0
3.212083825E9	0.0	0.0
3.212085831E9	0.0	0.0
3.212087835E9	0.0	0.0
3.212089837E9	0.0	0.0
3.212091838E9	0.0	0.0
3.2120938385E9	0.0	0.0
3.2120958365E9	0.0	0.0
3.2120978305E9	0.0	0.0
3.212099819E9	0.0	0.0
3.212101802E9	0.0	0.0
3.212103781E9	0.0	0.0
3.212105755E9	0.0	0.0
3.2121077245E9	0.0	0.0
3.2121096895E9	0.0	0.0
3.212111651E9	0.0	0.0
3.2121136115E9	0.0	0.0
3.2121155715E9	0.0	0.0
3.2121175285E9	0.0	0.0
3.2121194815E9	0.0	0.0
3.212121431E9	0.0	0.0
3.2121233765E9	0.0	0.0
3.21212532E9	0.0	0.0
3.212127262E9	0.0	0.0
3.212129201E9	0.0	0.0
3.2121311365E9	0.0	0.0
3.212133068E9	0.0	0.0
3.2121349945E9	0.0	0.0
3.2121369185E9	0.0	0.0
3.212138842E9	0.0	0.0
3.212140764E9	0.0	0.0
3.2121426835E9	0.0	0.0
3.2121446E9	0.0	0.0
3.212146515E9	0.0	0.0
3.2121484295E9	0.0	0.0
3.2121503425E9	0.0	0.0
3.2121522535E9	0.0	0.0
3.212154162E9	0.0	0.0
3.2121560675E9	0.0	0.0
3.212157968E9	0.0	0.0
3.212159862E9	0.0	0.0
3.2121617525E9	0.0	0.0
3.2121636415E9	0.0	0.0
3.2121655295E9	0.0	0.0
3.212167416E9	0.0	0.0
3.212169299E9	0.0	0.0
3.212171179E9	0.0	0.0
3.212173057E9	0.0	0.0
3.2121749335E9	0.0	0.0
3.2121768095E9	0.0	0.0
3.2121786845E9	0.0	0.0
3.2121805575E9	0.0	0.0
3.212182428E9	0.0	0.0
3.2121842955E9	0.0	0.0
3.212186161E9	0.0	0.0
3.212188026E9	0.0	0.0
3.212189891E9	0.0	0.0
3.2121917545E9	0.0	0.0
3.2121936165E9	0.0	0.0
3.212195477E9	0.0	0.0
3.2121973345E9	0.0	0.0
3.2121991905E9	0.0	0.0
3.2122010455E9	0.0	0.0
3.2122028975E9	0.0	0.0
3.212204747E9	0.0	0.0
3.212206596E9	0.0	0.0
3.212208444E9	0.0	0.0
3.212210287E9	0.0	0.0
3.2122121235E9	0.0	0.0
3.212213951E9	0.0	0.0
3.212215769E9	0.0	0.0
3.212217582E9	0.0	0.0
3.2122193915E9	0.0	0.0
3.2122211995E9	0.0	0.0
3.212223007E9	0.0	0.0
3.212224814E9	0.0	0.0
3.2122266185E9	0.0	0.0
3.21222842E9	0.0	0.0
3.2122302205E9	0.0	0.0
3.212232018E9	0.0	0.0
3.2122338125E9	0.0	0.0
3.2122356055E9	0.0	0.0
3.2122373955E9	0.0	0.0
3.2122391825E9	0.0	0.0
3.2122409665E9	0.0	0.0
3.2122427485E9	0.0	0.0
3.21224453E9	0.0	0.0
3.212246311E9	0.0	0.0
3.212248091E9	0.0	0.0
3.212249869E9	0.0	0.0
3.2122516395E9	0.0	0.0
3.2122534025E9	0.0	0.0
3.212255161E9	0.0	0.0
3.212256913E9	0.0	0.0
3.212258661E9	0.0	0.0
3.2122604075E9	0.0	0.0
3.212262153E9	0.0	0.0
3.2122638975E9	0.0	0.0
3.2122656405E9	0.0	0.0
3.2122673815E9	0.0	0.0
3.2122691215E9	0.0	0.0
3.2122708595E9	0.0	0.0
3.212272595E9	0.0	0.0
3.2122743285E9	0.0	0.0
3.2122760605E9	0.0	0.0
3.2122777915E9	0.0	0.0
3.21227952E9	0.0	0.0
3.2122812445E9	0.0	0.0
3.2122829645E9	0.0	0.0
3.2122846815E9	0.0	0.0
3.2122863945E9	0.0	0.0
3.2122881035E9	0.0	0.0
3.212289811E9	0.0	0.0
3.2122915175E9	0.0	0.0
3.212293223E9	0.0	0.0
3.2122949275E9	0.0	0.0
3.212296629E9	0.0	0.0
3.2122983275E9	0.0	0.0
3.212300025E9	0.0	0.0
3.212301722E9	0.0	0.0
3.212303418E9	0.0	0.0
3.212305113E9	0.0	0.0
3.212306807E9	0.0	0.0
3.212308497E9	0.0	0.0
3.2123101835E9	0.0	0.0
3.2123118665E9	0.17857142857142858	0.4225771273642583
3.212313546E9	0.0	0.0
3.212315225E9	0.0	0.0
3.2123169035E9	0.0	0.0
3.2123185795E9	0.0	0.0
3.2123202535E9	0.0	0.0
3.212321926E9	0.0	0.0
3.212323596E9	0.0	0.0
3.212325263E9	0.0	0.0
3.212326927E9	0.0	0.0
3.212328587E9	0.0	0.0
3.212330242E9	0.0	0.0
3.2123318945E9	0.0	0.0
3.2123335455E9	0.0	0.0
3.212335195E9	0.0	0.0
3.212336844E9	0.0	0.0
3.2123384885E9	0.0	0.0
3.2123401275E9	0.0	0.0
3.2123417645E9	0.0	0.0
3.2123433985E9	0.0	0.0
3.21234503E9	0.0	0.0
3.2123466605E9	0.0	0.0
3.212348289E9	0.0	0.0
3.2123499145E9	0.0	0.0
3.212351535E9	0.0	0.0
3.2123531515E9	0.0	0.0
3.212354767E9	0.0	0.0
3.21235638E9	0.0	0.0
3.212357991E9	0.0	0.0
3.2123595995E9	0.0	0.0
3.212361205E9	0.0	0.0
3.21236281E9	0.0	0.0
3.2123644125E9	0.0	0.0
3.2123660115E9	0.0	0.0
3.2123676095E9	0.0	0.0
3.212369207E9	0.0	0.0
3.2123708035E9	0.0	0.0
3.212372399E9	0.0	0.0
3.2123739925E9	0.0	0.0
3.212375583E9	0.0	0.0
3.21237717E9	0.0	0.0
3.212378752E9	0.0	0.0
3.2123803305E9	0.0	0.0
3.212381908E9	0.0	0.0
3.212383485E9	0.0	0.0
3.212385062E9	0.0	0.0
3.2123866385E9	0.0	0.0
3.212388214E9	0.0	0.0
3.2123897885E9	0.0	0.0
3.2123913615E9	0.0	0.0
3.212392933E9	0.0	0.0
3.2123945E9	0.0	0.0
3.212396062E9	0.0	0.0
3.212397623E9	0.0	0.0
3.2123991835E9	0.0	0.0
3.2124007435E9	0.0	0.0
3.2124023005E9	0.0	0.0
3.2124038535E9	0.0	0.0
3.2124054035E9	0.0	0.0
3.2124069505E9	0.0	0.0
3.212408494E9	0.0	0.0
3.2124100325E9	0.0	0.0
3.212411567E9	0.0	0.0
3.2124130995E9	0.0	0.0
3.2124146315E9	0.0	0.0
3.2124161625E9	0.0	0.0
3.212417691E9	0.0	0.0
3.2124192175E9	0.0	0.0
3.2124207425E9	0.0	0.0
3.212422266E9	0.0	0.0
3.212423789E9	0.0	0.0
3.2124253115E9	0.0	0.0
3.2124268335E9	0.0	0.0
3.212428354E9	0.0	0.0
3.21242987E9	0.0	0.0
3.2124313805E9	0.0	0.0
3.2124328885E9	0.0	0.0
3.212434395E9	0.0	0.0
3.212435899E9	0.0	0.0
3.2124373985E9	0.0	0.0
3.212438892E9	0.0	0.0
3.2124403825E9	0.0	0.0
3.2124418725E9	0.0	0.0
3.212443361E9	0.0	0.0
3.2124448475E9	0.0	0.0
3.212446333E9	0.0	0.0
3.2124478175E9	0.0	0.0
3.212449301E9	0.0	0.0
3.212450782E9	0.0	0.0
3.212452261E9	0.0	0.0
3.2124537385E9	0.0	0.0
3.212455214E9	0.0	0.0
3.2124566875E9	0.0	0.0
3.212458158E9	0.0	0.0
3.2124596265E9	0.0	0.0
3.212461094E9	0.0	0.0
3.21246256E9	0.0	0.0
3.2124640245E9	0.0	0.0
3.212465488E9	0.0	0.0
3.212466951E9	0.0	0.0
3.212468412E9	0.0	0.0
3.212469871E9	0.0	0.0
3.2124713295E9	0.0	0.0
3.2124727875E9	0.0	0.0
3.2124742435E9	0.0	0.0
3.212475695E9	0.0	0.0
3.212477144E9	0.0	0.0
3.2124785925E9	0.0	0.0
3.2124800395E9	0.0	0.0
3.2124814835E9	0.0	0.0
3.212482925E9	0.0	0.0
3.2124843655E9	0.0	0.0
3.212485805E9	0.0	0.0
3.212487243E9	0.0	0.0
3.2124886795E9	0.0	0.0
3.212490112E9	0.0	0.0
3.212491541E9	0.0	0.0
3.212492969E9	0.0	0.0
3.2124943955E9	0.0	0.0
3.212495821E9	0.0	0.0
3.2124972455E9	0.0	0.0
3.2124986695E9	0.0	0.0
3.212500093E9	0.0	0.0
3.212501516E9	0.0	0.0
3.212502939E9	0.0	0.0
3.2125043575E9	0.0	0.0
3.2125057715E9	0.0	0.0
3.212507185E9	0.0	0.0
3.212508598E9	0.0	0.0
3.2125100095E9	0.0	0.0
3.212511419E9	0.0	0.0
3.212512828E9	0.0	0.0
3.2125142355E9	0.0	0.0
3.212515641E9	0.0	0.0
3.212517046E9	0.0	0.0
3.2125184505E9	0.0	0.0
3.2125198545E9	0.0	0.0
3.2125212575E9	0.0	0.0
3.2125226595E9	0.0	0.0
3.2125240615E9	0.0	0.0
3.2125254635E9	0.0	0.0
3.2125268645E9	0.0	0.0
3.2125282635E9	0.0	0.0
3.2125296605E9	0.0	0.0
3.212531056E9	0.0	0.0
3.2125324505E9	0.0	0.0
3.212533844E9	0.0	0.0
3.212535236E9	0.0	0.0
3.212536626E9	0.0	0.0
3.212538015E9	0.0	0.0
3.2125394035E9	0.0	0.0
3.212540791E9	0.0	0.0
3.2125421765E9	0.0	0.0
3.212543559E9	0.0	0.0
3.21254494E9	0.0	0.0
3.21254632E9	0.0	0.0
3.212547698E9	0.0	0.0
3.2125490745E9	0.0	0.0
3.2125504505E9	0.0	0.0
3.212551826E9	0.0	0.0
3.2125532005E9	0.0	0.0
3.2125545735E9	0.0	0.0
3.212555945E9	0.0	0.0
3.2125573155E9	0.0	0.0
3.2125586855E9	0.0	0.0
3.2125600535E9	0.0	0.0
3.212561418E9	0.0	0.0
3.2125627795E9	0.0	0.0
3.2125641375E9	0.0	0.0
3.212565493E9	0.0	0.0
3.212566848E9	0.0	0.0
3.2125682015E9	0.0	0.0
3.21256955E9	0.0	0.0
3.2125708945E9	0.0	0.0
3.2125722385E9	0.0	0.0
3.2125735815E9	0.0	0.0
3.2125749235E9	0.0	0.0
3.2125762625E9	0.0	0.0
3.2125775975E9	0.0	0.0
3.2125789315E9	0.0	0.0
3.212580265E9	0.0	0.0
3.2125815975E9	0.0	0.0
3.2125829275E9	0.0	0.0
3.2125842555E9	0.0	0.0
3.2125855835E9	0.0	0.0
3.212586911E9	0.0	0.0
3.212588237E9	0.0	0.0
3.2125895605E9	0.0	0.0
3.2125908815E9	0.0	0.0
3.212592201E9	0.0	0.0
3.2125935195E9	0.0	0.0
3.212594836E9	0.0	0.0
3.2125961505E9	0.0	0.0
3.212597464E9	0.0	0.0
3.212598777E9	0.0	0.0
3.2126000895E9	0.0	0.0
3.2126014005E9	0.0	0.0
3.21260271E9	0.0	0.0
3.212604019E9	0.0	0.0
3.212605327E9	0.0	0.0
3.212606634E9	0.0	0.0
3.21260794E9	0.0	0.0
3.2126092445E9	0.0	0.0
3.212610548E9	0.0	0.0
3.2126118505E9	0.0	0.0
3.2126131525E9	0.0	0.0
3.212614454E9	0.0	0.0
3.212615755E9	0.0	0.0
3.2126170555E9	0.0	0.0
3.212618355E9	0.0	0.0
3.212619653E9	0.0	0.0
3.212620949E9	0.0	0.0
3.2126222435E9	0.0	0.0
3.212623537E9	0.0	0.0
3.212624829E9	0.0	0.0
3.21262612E9	0.0	0.0
3.21262741E9	0.0	0.0
3.2126286985E9	0.0	0.0
3.2126299865E9	0.0	0.0
3.212631274E9	0.0	0.0
3.212632561E9	0.0	0.0
3.212633848E9	0.0	0.0
3.2126351345E9	0.0	0.0
3.212636419E9	0.0	0.0
3.212637701E9	0.0	0.0
3.21263898E9	0.0	0.0
3.2126402555E9	0.0	0.0
3.2126415275E9	0.0	0.0
3.212642796E9	0.0	0.0
3.2126440625E9	0.0	0.0
3.2126453255E9	0.0	0.0
3.212646585E9	0.0	0.0
3.2126478435E9	0.0	0.0
3.2126491015E9	0.0	0.0
3.2126503595E9	0.0	0.0
3.2126516165E9	0.0	0.0
3.212652872E9	0.0	0.0
3.2126541265E9	0.0	0.0
3.2126553805E9	0.0	0.0
3.212656634E9	0.0	0.0
3.2126578855E9	0.0	0.0
3.212659135E9	0.0	0.0
3.2126603835E9	0.0	0.0
3.2126616315E9	0.0	0.0
3.212662879E9	0.0	0.0
3.2126641235E9	0.0	0.0
3.2126653655E9	0.0	0.0
3.212666607E9	0.0	0.0
3.212667848E9	0.0	0.0
3.212669089E9	0.0	0.0
3.212670329E9	0.0	0.0
3.2126715675E9	0.0	0.0
3.212672805E9	0.0	0.0
3.2126740415E9	0.0	0.0
3.212675277E9	0.0	0.0
3.2126765115E9	0.0	0.0
3.2126777455E9	0.0	0.0
3.2126789795E9	0.0	0.0
3.212680213E9	0.0	0.0
3.2126814455E9	0.0	0.0
3.2126826775E9	0.0	0.0
3.212683909E9	0.0	0.0
3.2126851395E9	0.0	0.0
3.2126863685E9	0.0	0.0
3.212687596E9	0.0	0.0
3.212688823E9	0.0	0.0
3.2126900495E9	0.0	0.0
3.2126912745E9	0.0	0.0
3.2126924985E9	0.0	0.0
3.2126937205E9	0.0	0.0
3.2126949405E9	0.0	0.0
3.21269616E9	0.0	0.0
3.212697378E9	0.0	0.0
3.2126985945E9	0.0	0.0
3.21269981E9	0.0	0.0
3.2127010245E9	0.0	0.0
3.2127022385E9	0.0	0.0
3.2127034525E9	0.0	0.0
3.212704666E9	0.0	0.0
3.2127058785E9	0.0	0.0
3.212707089E9	0.0	0.0
3.2127082975E9	0.0	0.0
3.212709505E9	0.0	0.0
3.212710712E9	0.0	0.0
3.212711919E9	0.0	0.0
3.2127131255E9	0.0	0.0
3.2127143315E9	0.0	0.0
3.212715537E9	0.0	0.0
3.212716742E9	0.0	0.0
3.2127179465E9	0.0	0.0
3.2127191505E9	0.0	0.0
3.2127203545E9	0.0	0.0
3.212721558E9	0.0	0.0
3.21272276E9	0.0	0.0
3.212723961E9	0.0	0.0
3.2127251615E9	0.0	0.0
3.2127263615E9	0.0	0.0
3.212727561E9	0.0	0.0
3.2127287595E9	0.0	0.0
3.212729957E9	0.0	0.0
3.2127311535E9	0.0	0.0
3.212732349E9	0.0	0.0
3.2127335435E9	0.0	0.0
3.2127347375E9	0.0	0.0
3.21273593E9	0.0	0.0
3.21273712E9	0.0	0.0
3.2127383075E9	0.0	0.0
3.2127394935E9	0.0	0.0
3.2127406785E9	0.0	0.0
3.212741862E9	0.0	0.0
3.212743045E9	0.0	0.0
3.2127442275E9	0.0	0.0
3.212745409E9	0.0	0.0
3.21274659E9	0.0	0.0
3.212747771E9	0.0	0.0
3.212748952E9	0.0	0.0
3.212750132E9	0.0	0.0
3.2127513105E9	0.0	0.0
3.2127524885E9	0.0	0.0
3.212753666E9	0.0	0.0
3.212754843E9	0.0	0.0
3.212756017E9	0.0	0.0
3.212757188E9	0.0	0.0
3.212758359E9	0.0	0.0
3.2127595295E9	0.0	0.0
3.2127606995E9	0.0	0.0
3.212761868E9	0.0	0.0
3.212763035E9	0.0	0.0
3.212764202E9	0.0	0.0
3.212765368E9	0.0	0.0
3.212766533E9	0.0	0.0
3.2127676965E9	0.0	0.0
3.212768856E9	0.0	0.0
3.2127700125E9	0.0	0.0
3.2127711685E9	0.0	0.0
3.2127723235E9	0.0	0.0
3.2127734775E9	0.0	0.0
3.21277463E9	0.0	0.0
3.212775781E9	0.0	0.0
3.2127769315E9	0.0	0.0
3.2127780815E9	0.0	0.0
3.21277923E9	0.0	0.0
3.212780377E9	0.0	0.0
3.2127815235E9	0.0	0.0
3.2127826685E9	0.0	0.0
3.2127838125E9	0.0	0.0
3.212784956E9	0.0	0.0
3.2127860985E9	0.0	0.0
3.21278724E9	0.0	0.0
3.212788381E9	0.0	0.0
3.2127895215E9	0.0	0.0
3.2127906605E9	0.0	0.0
3.2127917965E9	0.0	0.0
3.2127929305E9	0.0	0.0
3.2127940635E9	0.0	0.0
3.212795195E9	0.0	0.0
3.212796326E9	0.0	0.0
3.2127974565E9	0.0	0.0
3.212798585E9	0.0	0.0
3.2127997115E9	0.0	0.0
3.2128008365E9	0.0	0.0
3.2128019595E9	0.0	0.0
3.2128030815E9	0.0	0.0
3.212804203E9	0.0	0.0
3.212805323E9	0.0	0.0
3.212806442E9	0.0	0.0
3.212807561E9	0.0	0.0
3.21280868E9	0.0	0.0
3.2128097985E9	0.0	0.0
3.2128109155E9	0.0	0.0
3.2128120315E9	0.0	0.0
3.212813147E9	0.0	0.0
3.212814262E9	0.0	0.0
3.212815377E9	0.0	0.0
3.2128164915E9	0.0	0.0
3.212817605E9	0.0	0.0
3.212818718E9	0.0	0.0
3.2128198295E9	0.0	0.0
3.2128209395E9	0.0	0.0
3.212822049E9	0.0	0.0
3.2128231575E9	0.0	0.0
3.212824265E9	0.0	0.0
3.212825372E9	0.0	0.0
3.212826479E9	0.0	0.0
3.212827586E9	0.0	0.0
3.2128286925E9	0.0	0.0
3.212829797E9	0.0	0.0
3.2128309E9	0.0	0.0
3.212832003E9	0.0	0.0
3.2128331045E9	0.0	0.0
3.212834204E9	0.0	0.0
3.2128353025E9	0.0	0.0
3.2128364E9	0.0	0.0
3.2128374965E9	0.0	0.0
3.2128385925E9	0.0	0.0
3.2128396875E9	0.0	0.0
3.212840781E9	0.0	0.0
3.2128418725E9	0.0	0.0
3.2128429615E9	0.0	0.0
3.212844049E9	0.0	0.0
3.2128451355E9	0.0	0.0
3.212846221E9	0.0	0.0
3.2128473055E9	0.0	0.0
3.2128483895E9	0.0	0.0
3.2128494735E9	0.0	0.0
3.2128505575E9	0.0	0.0
3.212851641E9	0.0	0.0
3.212852724E9	0.0	0.0
3.2128538065E9	0.0	0.0
3.2128548885E9	0.0	0.0
3.21285597E9	0.0	0.0
3.212857051E9	0.0	0.0
3.212858131E9	0.0	0.0
3.2128592085E9	0.0	0.0
3.2128602835E9	0.0	0.0
3.212861357E9	0.0	0.0
3.21286243E9	0.0	0.0
3.212863502E9	0.0	0.0
3.212864572E9	0.0	0.0
3.21286564E9	0.0	0.0
3.212866707E9	0.0	0.0
3.212867774E9	0.0	0.0
3.2128688405E9	0.0	0.0
3.212869906E9	0.0	0.0
3.212870971E9	0.0	0.0
3.212872036E9	0.0	0.0
3.212873101E9	0.0	0.0
3.212874166E9	0.0	0.0
3.2128752305E9	0.0	0.0
3.2128762945E9	0.0	0.0
3.2128773585E9	0.0	0.0
3.212878422E9	0.0	0.0
3.2128794845E9	0.0	0.0
3.2128805465E9	0.0	0.0
3.2128816085E9	0.0	0.0
3.21288267E9	0.0	0.0
3.2128837305E9	0.0	0.0
3.212884789E9	0.0	0.0
3.212885846E9	0.0	0.0
3.2128869025E9	0.0	0.0
3.212887958E9	0.0	0.0
3.212889013E9	0.0	0.0
3.212890068E9	0.0	0.0
3.212891123E9	0.0	0.0
3.2128921775E9	0.0	0.0
3.21289323E9	0.0	0.0
3.2128942805E9	0.0	0.0
3.2128953305E9	0.0	0.0
3.21289638E9	0.0	0.0
3.2128974285E9	0.0	0.0
3.212898476E9	0.0	0.0
3.2128995225E9	0.0	0.0
3.2129005685E9	0.0	0.0
3.2129016145E9	0.0	0.0
3.21290266E9	0.0	0.0
3.212903705E9	0.0	0.0
3.21290475E9	0.0	0.0
3.2129057945E9	0.0	0.0
3.2129068375E9	0.0	0.0
3.212907879E9	0.0	0.0
3.212908919E9	0.0	0.0
3.212909958E9	0.0	0.0
3.2129109965E9	0.0	0.0
3.2129120335E9	0.0	0.0
3.2129130695E9	0.0	0.0
3.212914105E9	0.0	0.0
3.21291514E9	0.0	0.0
3.212916174E9	0.0	0.0
3.2129172065E9	0.0	0.0
3.212918238E9	0.0	0.0
3.212919269E9	0.0	0.0
3.2129203E9	0.0	0.0
3.212921329E9	0.0	0.0
3.212922356E9	0.0	0.0
3.2129233825E9	0.0	0.0
3.2129244085E9	0.0	0.0
3.2129254335E9	0.0	0.0
3.2129264575E9	0.0	0.0
3.2129274805E9	0.0	0.0
3.2129285025E9	0.0	0.0
3.212929524E9	0.0	0.0
3.2129305445E9	0.0	0.0
3.212931564E9	0.0	0.0
3.2129325825E9	0.0	0.0
3.2129336005E9	0.0	0.0
3.2129346185E9	0.0	0.0
3.2129356355E9	0.0	0.0
3.2129366485E9	0.0	0.0
3.2129376585E9	0.0	0.0
3.212938668E9	0.0	0.0
3.2129396765E9	0.0	0.0
3.212940684E9	0.0	0.0
3.2129416905E9	0.0	0.0
3.212942696E9	0.0	0.0
3.212943701E9	0.0	0.0
3.2129447055E9	0.0	0.0
3.2129457095E9	0.0	0.0
3.212946713E9	0.0	0.0
3.212947716E9	0.0	0.0
3.212948719E9	0.0	0.0
3.212949722E9	0.0	0.0
3.2129507245E9	0.0	0.0
3.2129517265E9	0.0	0.0
3.2129527275E9	0.0	0.0
3.2129537275E9	0.0	0.0
3.2129584065E9	0.0	0.0
3.2129665515E9	0.0	0.0
3.2129739405E9	0.0	0.0
3.212979659E9	0.0	0.0
3.212983975E9	0.0	0.0
3.212987916E9	0.0	0.0
3.2129917135E9	0.0	0.0
3.212995462E9	0.0	0.0
3.2129991845E9	0.0	0.0
3.213002848E9	0.0	0.0
3.213006425E9	0.0	0.0
3.2130099435E9	0.0	0.0
3.213013377E9	0.0	0.0
3.2130167165E9	0.0	0.0
3.213019992E9	0.0	0.0
3.2130232175E9	0.0	0.0
3.2130264335E9	0.0	0.0
3.2130296355E9	0.0	0.0
3.2130327775E9	0.0	0.0
3.213035867E9	0.0	0.0
3.2130389345E9	0.0	0.0
3.213041961E9	0.0	0.0
3.2130449655E9	0.0	0.0
3.213047947E9	0.0	0.0
3.2130508935E9	0.0	0.0
3.213053827E9	0.0	0.0
3.213056707E9	0.0	0.0
3.2130595175E9	0.0	0.0
3.213062289E9	0.0	0.0
3.213065036E9	0.0	0.0
3.213067775E9	0.0	0.0
3.2130704905E9	0.0	0.0
3.213073172E9	0.0	0.0
3.2130758215E9	0.0	0.0
3.2130783845E9	0.0	0.0
3.213080875E9	0.0	0.0
3.2130833535E9	0.0	0.0
3.2130857945E9	0.0	0.0
3.213088199E9	0.0	0.0
3.2130905745E9	0.0	0.0
3.213092922E9	0.0	0.0
3.2130952465E9	0.0	0.0
3.2130975455E9	0.0	0.0
3.213099832E9	0.0	0.0
3.213102109E9	0.0	0.0
3.21310437E9	0.0	0.0
3.213106598E9	0.0	0.0
3.2131087875E9	0.0	0.0
3.213110955E9	0.0	0.0
3.213113112E9	0.0	0.0
3.213115264E9	0.0	0.0
3.213117403E9	0.0	0.0
3.2131195255E9	0.0	0.0
3.21312164E9	0.0	0.0
3.2131237455E9	0.0	0.0
3.2131258275E9	0.0	0.0
3.2131278935E9	0.0	0.0
3.213129956E9	0.0	0.0
3.213132009E9	0.0	0.0
3.2131340525E9	0.0	0.0
3.2131360875E9	0.0	0.0
3.2131381145E9	0.0	0.0
3.213140127E9	0.0	0.0
3.2131421235E9	0.0	0.0
3.21314411E9	0.0	0.0
3.21314609E9	0.0	0.0
3.213148058E9	0.0	0.0
3.213150013E9	0.0	0.0
3.2131519615E9	0.0	0.0
3.2131539015E9	0.0	0.0
3.2131558355E9	0.0	0.0
3.2131577425E9	0.0	0.0
3.2131596225E9	0.0	0.0
3.2131614965E9	0.0	0.0
3.213163342E9	0.0	0.0
3.213165159E9	0.0	0.0
3.21316697E9	0.0	0.0
3.2131687765E9	0.0	0.0
3.213170577E9	0.0	0.0
3.213172371E9	0.0	0.0
3.213174157E9	0.0	0.0
3.2131759305E9	0.0	0.0
3.2131776955E9	0.0	0.0
3.213179449E9	0.0	0.0
3.213181191E9	0.0	0.0
3.213182916E9	0.0	0.0
3.2131846235E9	0.0	0.0
3.213186327E9	0.0	0.0
3.213188022E9	0.0	0.0
3.2131896895E9	0.0	0.0
3.213191333E9	0.0	0.0
3.213192973E9	0.0	0.0
3.2131946105E9	0.0	0.0
3.2131962445E9	0.0	0.0
3.213197875E9	0.0	0.0
3.213199501E9	0.0	0.0
3.2132011235E9	0.0	0.0
3.2132027455E9	0.0	0.0
3.213204366E9	0.0	0.0
3.2132059785E9	0.0	0.0
3.213207578E9	0.0	0.0
3.2132091705E9	0.0	0.0
3.2132107455E9	0.0	0.0
3.213212297E9	0.0	0.0
3.2132138405E9	0.0	0.0
3.2132153815E9	0.0	0.0
3.213216916E9	0.0	0.0
3.2132184395E9	0.0	0.0
3.213219956E9	0.0	0.0
3.21322147E9	0.0	0.0
3.21322298E9	0.0	0.0
3.2132244855E9	0.0	0.0
3.213225987E9	0.0	0.0
3.213227484E9	0.0	0.0
3.213228979E9	0.0	0.0
3.2132304725E9	0.0	0.0
3.2132319645E9	0.0	0.0
3.213233455E9	0.0	0.0
3.213234942E9	0.0	0.0
3.213236426E9	0.0	0.0
3.213237904E9	0.0	0.0
3.2132393755E9	0.0	0.0
3.213240842E9	0.0	0.0
3.2132423035E9	0.0	0.0
3.2132437625E9	0.0	0.0
3.2132452195E9	0.0	0.0
3.213246674E9	0.0	0.0
3.213248122E9	0.0	0.0
3.213249564E9	0.0	0.0
3.2132509975E9	0.0	0.0
3.213252423E9	0.0	0.0
3.2132538445E9	0.0	0.0
3.21325526E9	0.0	0.0
3.213256673E9	0.0	0.0
3.2132580855E9	0.0	0.0
3.213259495E9	0.0	0.0
3.2132609015E9	0.0	0.0
3.2132623025E9	0.0	0.0
3.2132636955E9	0.0	0.0
3.2132650815E9	0.0	0.0
3.2132664605E9	0.0	0.0
3.213267836E9	0.0	0.0
3.213269209E9	0.0	0.0
3.213270578E9	0.0	0.0
3.2132719435E9	0.0	0.0
3.2132733035E9	0.0	0.0
3.213274659E9	0.0	0.0
3.2132760125E9	0.0	0.0
3.2132773635E9	0.0	0.0
3.2132787115E9	0.0	0.0
3.213280057E9	0.0	0.0
3.2132813995E9	0.0	0.0
3.2132827345E9	0.0	0.0
3.213284064E9	0.0	0.0
3.2132853905E9	0.0	0.0
3.2132867105E9	0.0	0.0
3.213288022E9	0.0	0.0
3.2132893275E9	0.0	0.0
3.2132906315E9	0.0	0.0
3.213291935E9	0.0	0.0
3.213293237E9	0.0	0.0
3.2132945375E9	0.0	0.0
3.213295836E9	0.0	0.0
3.2132971325E9	0.0	0.0
3.2132984255E9	0.0	0.0
3.2132997125E9	0.0	0.0
3.2133009955E9	0.0	0.0
3.213302277E9	0.0	0.0
3.2133035575E9	0.0	0.0
3.213304837E9	0.0	0.0
3.2133061125E9	0.0	0.0
3.213307382E9	0.0	0.0
3.213308649E9	0.0	0.0
3.2133099155E9	0.0	0.0
3.2133111805E9	0.0	0.0
3.2133124445E9	0.0	0.0
3.2133137085E9	0.0	0.0
3.213314972E9	0.0	0.0
3.213316228E9	0.0	0.0
3.2133174725E9	0.0	0.0
3.213318712E9	0.0	0.0
3.213319949E9	0.0	0.0
3.213321184E9	0.0	0.0
3.213322418E9	0.0	0.0
3.2133236505E9	0.0	0.0
3.2133248815E9	0.0	0.0
3.2133261095E9	0.0	0.0
3.213327334E9	0.0	0.0
3.2133285525E9	0.0	0.0
3.213329766E9	0.0	0.0
3.213330978E9	0.0	0.0
3.213332188E9	0.0	0.0
3.2133333935E9	0.0	0.0
3.213334594E9	0.0	0.0
3.213335792E9	0.0	0.0
3.213336987E9	0.0	0.0
3.213338179E9	0.0	0.0
3.213339368E9	0.0	0.0
3.2133405545E9	0.0	0.0
3.2133417395E9	0.0	0.0
3.2133429235E9	0.0	0.0
3.2133441065E9	0.0	0.0
3.213345287E9	0.0	0.0
3.213346463E9	0.0	0.0
3.213347634E9	0.0	0.0
3.213348802E9	0.0	0.0
3.2133499685E9	0.0	0.0
3.213351134E9	0.0	0.0
3.2133522985E9	0.0	0.0
3.213353462E9	0.0	0.0
3.2133546225E9	0.0	0.0
3.2133557805E9	0.0	0.0
3.213356938E9	0.0	0.0
3.213358095E9	0.0	0.0
3.213359252E9	0.0	0.0
3.213360408E9	0.0	0.0
3.2133615625E9	0.0	0.0
3.213362714E9	0.0	0.0
3.2133638625E9	0.0	0.0
3.2133650105E9	0.0	0.0
3.2133661575E9	0.0	0.0
3.2133673025E9	0.0	0.0
3.2133684445E9	0.0	0.0
3.2133695825E9	0.0	0.0
3.2133707175E9	0.0	0.0
3.213371851E9	0.0	0.0
3.213372982E9	0.0	0.0
3.21337411E9	0.0	0.0
3.213375237E9	0.0	0.0
3.2133763595E9	0.0	0.0
3.2133774735E9	0.0	0.0
3.2133785805E9	0.0	0.0
3.2133796845E9	0.0	0.0
3.213380787E9	0.0	0.0
3.2133818865E9	0.0	0.0
3.2133829835E9	0.0	0.0
3.2133840785E9	0.0	0.0
3.213385171E9	0.0	0.0
3.213386261E9	0.0	0.0
3.2133873485E9	0.0	0.0
3.213388434E9	0.0	0.0
3.2133895185E9	0.0	0.0
3.213390602E9	0.0	0.0
3.213391685E9	0.0	0.0
3.213392766E9	0.0	0.0
3.2133938435E9	0.0	0.0
3.213394916E9	0.0	0.0
3.2133959845E9	0.0	0.0
3.213397052E9	0.0	0.0
3.213398119E9	0.0	0.0
3.213399186E9	0.0	0.0
3.213400251E9	0.0	0.0
3.2134013135E9	0.0	0.0
3.213402374E9	0.0	0.0
3.2134034325E9	0.0	0.0
3.2134044905E9	0.0	0.0
3.213405547E9	0.0	0.0
3.2134066015E9	0.0	0.0
3.2134076555E9	0.0	0.0
3.213408709E9	0.0	0.0
3.213409762E9	0.0	0.0
3.2134108145E9	0.0	0.0
3.213411866E9	0.0	0.0
3.213412916E9	0.0	0.0
3.213413964E9	0.0	0.0
3.2134150095E9	0.0	0.0
3.213416053E9	0.0	0.0
3.213417096E9	0.0	0.0
3.2134181385E9	0.0	0.0
3.2134191805E9	0.0	0.0
3.213420222E9	0.0	0.0
3.2134212625E9	0.0	0.0
3.213422302E9	0.0	0.0
3.2134233405E9	0.0	0.0
3.213424378E9	0.0	0.0
3.213425415E9	0.0	0.0
3.213426451E9	0.0	0.0
3.213427482E9	0.0	0.0
3.213428506E9	0.0	0.0
3.213429527E9	0.0	0.0
3.213430547E9	0.0	0.0
3.213431566E9	0.0	0.0
3.2134325835E9	0.0	0.0
3.2134335985E9	0.0	0.0
3.213434612E9	0.0	0.0
3.213435623E9	0.0	0.0
3.2134366315E9	0.0	0.0
3.213437639E9	0.0	0.0
3.2134386445E9	0.0	0.0
3.2134396485E9	0.0	0.0
3.213440652E9	0.0	0.0
3.213441654E9	0.0	0.0
3.2134426545E9	0.0	0.0
3.2134436545E9	0.0	0.0
3.2134446545E9	0.0	0.0
3.213454119E9	0.0	0.0
3.213467958E9	0.0	0.0
3.213476859E9	0.0	0.0
3.2134847985E9	0.0	0.0
3.2134925955E9	0.0	0.0
3.213499325E9	0.0	0.0
3.2135048925E9	0.0	0.0
3.213510153E9	0.0	0.0
3.2135151865E9	0.0	0.0
3.213519954E9	0.0	0.0
3.2135244985E9	0.0	0.0
3.2135288715E9	0.0	0.0
3.21353307E9	0.0	0.0
3.213537071E9	0.0	0.0
3.213540845E9	0.0	0.0
3.213544565E9	0.0	0.0
3.2135482345E9	0.0	0.0
3.21355182E9	0.0	0.0
3.213555313E9	0.0	0.0
3.213558746E9	0.0	0.0
3.213562145E9	0.0	0.0
3.2135655175E9	0.0	0.0
3.213568839E9	0.0	0.0
3.213572118E9	0.0	0.0
3.2135753855E9	0.0	0.0
3.213578646E9	0.0	0.0
3.2135818865E9	0.0	0.0
3.213585061E9	0.0	0.0
3.2135881795E9	0.0	0.0
3.2135912865E9	0.0	0.0
3.213594374E9	0.0	0.0
3.213597441E9	0.0	0.0
3.213600502E9	0.0	0.0
3.2136035265E9	0.0	0.0
3.2136065145E9	0.0	0.0
3.2136094715E9	0.0	0.0
3.2136123965E9	0.0	0.0
3.213615295E9	0.0	0.0
3.213618162E9	0.0	0.0
3.2136210165E9	0.0	0.0
3.213623848E9	0.0	0.0
3.213626647E9	0.0	0.0
3.2136294075E9	0.0	0.0
3.2136321195E9	0.0	0.0
3.2136347925E9	0.0	0.0
3.213637443E9	0.0	0.0
3.2136400735E9	0.0	0.0
3.213642685E9	0.0	0.0
3.213645279E9	0.0	0.0
3.2136478375E9	0.0	0.0
3.2136503605E9	0.0	0.0
3.2136528665E9	0.0	0.0
3.213655357E9	0.0	0.0
3.2136578365E9	0.0	0.0
3.213660312E9	0.0	0.0
3.213662782E9	0.0	0.0
3.2136652365E9	0.0	0.0
3.2136676725E9	0.0	0.0
3.213670096E9	0.0	0.0
3.2136725085E9	0.0	0.0
3.21367491E9	0.0	0.0
3.2136772835E9	0.0	0.0
3.213679628E9	0.0	0.0
3.2136819575E9	0.0	0.0
3.213684272E9	0.0	0.0
3.2136865785E9	0.0	0.0
3.2136888775E9	0.0	0.0
3.213691159E9	0.0	0.0
3.213693427E9	0.0	0.0
3.2136956895E9	0.0	0.0
3.2136979395E9	0.0	0.0
3.2137001785E9	0.0	0.0
3.2137024115E9	0.0	0.0
3.213704633E9	0.0	0.0
3.213706843E9	0.0	0.0
3.213709041E9	0.0	0.0
3.213711232E9	0.0	0.0
3.2137134225E9	0.0	0.0
3.2137156095E9	0.0	0.0
3.2137177845E9	0.0	0.0
3.21371995E9	0.0	0.0
3.2137221135E9	0.0	0.0
3.2137242675E9	0.0	0.0
3.2137263985E9	0.0	0.0
3.2137285125E9	0.0	0.0
3.2137306225E9	0.0	0.0
3.2137327295E9	0.0	0.0
3.2137348355E9	0.0	0.0
3.2137369415E9	0.0	0.0
3.213739043E9	0.0	0.0
3.213741132E9	0.0	0.0
3.2137432015E9	0.0	0.0
3.213745258E9	0.0	0.0
3.2137473125E9	0.0	0.0
3.213749358E9	0.0	0.0
3.2137513925E9	0.0	0.0
3.2137534245E9	0.0	0.0
3.2137554505E9	0.0	0.0
3.2137574695E9	0.0	0.0
3.2137594855E9	0.0	0.0
3.213761493E9	0.0	0.0
3.213763494E9	0.0	0.0
3.21376549E9	0.0	0.0
3.2137674805E9	0.0	0.0
3.213769467E9	0.0	0.0
3.213771449E9	0.0	0.0
3.21377343E9	0.0	0.0
3.21377541E9	0.0	0.0
3.213777381E9	0.0	0.0
3.2137793285E9	0.0	0.0
3.213781259E9	0.0	0.0
3.213783164E9	0.0	0.0
3.2137850415E9	0.0	0.0
3.213786903E9	0.0	0.0
3.213788752E9	0.0	0.0
3.213790593E9	0.0	0.0
3.2137924255E9	0.0	0.0
3.2137942545E9	0.0	0.0
3.2137960745E9	0.0	0.0
3.2137978885E9	0.0	0.0
3.213799691E9	0.0	0.0
3.213801481E9	0.0	0.0
3.2138032685E9	0.0	0.0
3.2138050505E9	0.0	0.0
3.2138068275E9	0.0	0.0
3.2138085965E9	0.0	0.0
3.2138103565E9	0.0	0.0
3.213812114E9	0.0	0.0
3.2138138695E9	0.0	0.0
3.2138156225E9	0.0	0.0
3.213817374E9	0.0	0.0
3.213819124E9	0.0	0.0
3.2138208675E9	0.0	0.0
3.213822601E9	0.0	0.0
3.2138243285E9	0.0	0.0
3.2138260495E9	0.0	0.0
3.2138277635E9	0.0	0.0
3.213829475E9	0.0	0.0
3.213831182E9	0.0	0.0
3.2138328845E9	0.0	0.0
3.213834585E9	0.0	0.0
3.2138362775E9	0.0	0.0
3.2138379625E9	0.0	0.0
3.2138396445E9	0.0	0.0
3.2138413235E9	0.0	0.0
3.2138430015E9	0.0	0.0
3.213844679E9	0.0	0.0
3.2138463555E9	0.0	0.0
3.2138480295E9	0.0	0.0
3.2138497E9	0.0	0.0
3.2138513685E9	0.0	0.0
3.213853034E9	0.0	0.0
3.2138546955E9	0.0	0.0
3.2138563555E9	0.0	0.0
3.2138580145E9	0.0	0.0
3.2138596715E9	0.0	0.0
3.2138613275E9	0.0	0.0
3.2138629815E9	0.0	0.0
3.213864631E9	0.0	0.0
3.213866277E9	0.0	0.0
3.21386792E9	0.0	0.0
3.2138695595E9	0.0	0.0
3.213871195E9	0.0	0.0
3.2138728245E9	0.0	0.0
3.2138744445E9	0.0	0.0
3.2138760575E9	0.0	0.0
3.213877666E9	0.0	0.0
3.21387927E9	0.0	0.0
3.213880871E9	0.0	0.0
3.213882465E9	0.0	0.0
3.2138840535E9	0.0	0.0
3.21388564E9	0.0	0.0
3.2138872245E9	0.0	0.0
3.2138888085E9	0.0	0.0
3.2138903905E9	0.0	0.0
3.2138919665E9	0.0	0.0
3.2138935375E9	0.0	0.0
3.213895107E9	0.0	0.0
3.2138966755E9	0.0	0.0
3.213898243E9	0.0	0.0
3.213899809E9	0.0	0.0
3.213901371E9	0.0	0.0
3.21390293E9	0.0	0.0
3.2139044875E9	0.0	0.0
3.2139060425E9	0.0	0.0
3.213907594E9	0.0	0.0
3.2139091395E9	0.0	0.0
3.213910681E9	0.0	0.0
3.2139122205E9	0.0	0.0
3.213913758E9	0.0	0.0
3.213915294E9	0.0	0.0
3.2139168265E9	0.0	0.0
3.2139183555E9	0.0	0.0
3.2139198805E9	0.0	0.0
3.2139213985E9	0.0	0.0
3.21392291E9	0.0	0.0
3.213924418E9	0.0	0.0
3.2139259215E9	0.0	0.0
3.213927421E9	0.0	0.0
3.21392892E9	0.0	0.0
3.213930418E9	0.0	0.0
3.2139319145E9	0.0	0.0
3.2139334065E9	0.0	0.0
3.2139348935E9	0.0	0.0
3.213936379E9	0.0	0.0
3.213937862E9	0.0	0.0
3.213939342E9	0.0	0.0
3.2139408175E9	0.0	0.0
3.2139422895E9	0.0	0.0
3.2139437605E9	0.0	0.0
3.2139452285E9	0.0	0.0
3.213946694E9	0.0	0.0
3.213948157E9	0.0	0.0
3.2139496165E9	0.0	0.0
3.213951074E9	0.0	0.0
3.2139525265E9	0.0	0.0
3.213953974E9	0.0	0.0
3.2139554195E9	0.0	0.0
3.213956863E9	0.0	0.0
3.213958306E9	0.0	0.0
3.2139597465E9	0.0	0.0
3.2139611815E9	0.0	0.0
3.2139626125E9	0.0	0.0
3.2139640425E9	0.0	0.0
3.213965472E9	0.0	0.0
3.213966901E9	0.0	0.0
3.21396833E9	0.0	0.0
3.2139697575E9	0.0	0.0
3.2139711835E9	0.0	0.0
3.2139726065E9	0.0	0.0
3.2139740245E9	0.0	0.0
3.2139754405E9	0.0	0.0
3.213976856E9	0.0	0.0
3.213978271E9	0.0	0.0
3.2139796855E9	0.0	0.0
3.213981099E9	0.0	0.0
3.2139825105E9	0.0	0.0
3.213983918E9	0.0	0.0
3.2139853215E9	0.0	0.0
3.2139867215E9	0.0	0.0
3.213988119E9	0.0	0.0
3.213989515E9	0.0	0.0
3.2139909085E9	0.0	0.0
3.2139922985E9	0.0	0.0
3.2139936855E9	0.0	0.0
3.2139950695E9	0.0	0.0
3.213996451E9	0.0	0.0
3.213997831E9	0.0	0.0
3.2139992085E9	0.0	0.0
3.2140005835E9	0.0	0.0
3.2140019575E9	0.0	0.0
3.214003331E9	0.0	0.0
3.214004704E9	0.0	0.0
3.2140060765E9	0.0	0.0
3.2140074475E9	0.0	0.0
3.214008816E9	0.0	0.0
3.214010182E9	0.0	0.0
3.2140115465E9	0.0	0.0
3.214012909E9	0.0	0.0
3.21401427E9	0.0	0.0
3.214015628E9	0.0	0.0
3.214016983E9	0.0	0.0
3.2140183375E9	0.0	0.0
3.214019691E9	0.0	0.0
3.214021042E9	0.0	0.0
3.214022389E9	0.0	0.0
3.2140237335E9	0.0	0.0
3.214025077E9	0.0	0.0
3.2140264175E9	0.0	0.0
3.2140277555E9	0.0	0.0
3.2140290935E9	0.0	0.0
3.2140304305E9	0.0	0.0
3.214031765E9	0.0	0.0
3.214033098E9	0.0	0.0
3.2140344305E9	0.0	0.0
3.2140357585E9	0.0	0.0
3.214037082E9	0.0	0.0
3.214038405E9	0.0	0.0
3.2140397265E9	0.0	0.0
3.2140410465E9	0.0	0.0
3.214042365E9	0.0	0.0
3.2140436815E9	0.0	0.0
3.2140449915E9	0.0	0.0
3.2140462955E9	0.0	0.0
3.214047599E9	0.0	0.0
3.2140489015E9	0.0	0.0
3.214050203E9	0.0	0.0
3.2140515035E9	0.0	0.0
3.2140528025E9	0.0	0.0
3.2140541E9	0.0	0.0
3.214055396E9	0.0	0.0
3.2140566855E9	0.0	0.0
3.214057969E9	0.0	0.0
3.214059252E9	0.0	0.0
3.214060533E9	0.0	0.0
3.2140618115E9	0.0	0.0
3.214063086E9	0.0	0.0
3.214064357E9	0.0	0.0
3.2140656265E9	0.0	0.0
3.2140668925E9	0.0	0.0
3.214068156E9	0.0	0.0
3.2140694185E9	0.0	0.0
3.21407068E9	0.0	0.0
3.2140719405E9	0.0	0.0
3.2140732E9	0.0	0.0
3.214074459E9	0.0	0.0
3.2140757175E9	0.0	0.0
3.2140769745E9	0.0	0.0
3.214078229E9	0.0	0.0
3.2140794795E9	0.0	0.0
3.2140807275E9	0.0	0.0
3.2140819745E9	0.0	0.0
3.2140832205E9	0.0	0.0
3.2140844655E9	0.0	0.0
3.2140857065E9	0.0	0.0
3.2140869445E9	0.0	0.0
3.2140881815E9	0.0	0.0
3.2140894165E9	0.0	0.0
3.2140906505E9	0.0	0.0
3.214091883E9	0.0	0.0
3.214093114E9	0.0	0.0
3.2140943445E9	0.0	0.0
3.2140955745E9	0.0	0.0
3.2140968035E9	0.0	0.0
3.214098031E9	0.0	0.0
3.2140992555E9	0.0	0.0
3.2141004775E9	0.0	0.0
3.214101699E9	0.0	0.0
3.21410292E9	0.0	0.0
3.2141041405E9	0.0	0.0
3.2141053595E9	0.0	0.0
3.2141065775E9	0.0	0.0
3.2141077945E9	0.0	0.0
3.2141090105E9	0.0	0.0
3.2141102245E9	0.0	0.0
3.2141114355E9	0.0	0.0
3.214112645E9	0.0	0.0
3.2141138535E9	0.0	0.0
3.2141150615E9	0.0	0.0
3.2141162685E9	0.0	0.0
3.214117474E9	0.0	0.0
3.214118679E9	0.0	0.0
3.2141198825E9	0.0	0.0
3.2141210835E9	0.0	0.0
3.214122283E9	0.0	0.0
3.2141234815E9	0.0	0.0
3.2141246795E9	0.0	0.0
3.2141258775E9	0.0	0.0
3.214127074E9	0.0	0.0
3.2141282685E9	0.0	0.0
3.214129461E9	0.0	0.0
3.214130651E9	0.0	0.0
3.2141318395E9	0.0	0.0
3.2141330235E9	0.0	0.0
3.2141342035E9	0.0	0.0
3.214135383E9	0.0	0.0
3.2141365585E9	0.0	0.0
3.2141377285E9	0.0	0.0
3.2141388955E9	0.0	0.0
3.214140057E9	0.0	0.0
3.2141412135E9	0.0	0.0
3.2141423695E9	0.0	0.0
3.214143525E9	0.0	0.0
3.2141446795E9	0.0	0.0
3.2141458335E9	0.0	0.0
3.214146985E9	0.0	0.0
3.214148131E9	0.0	0.0
3.214149274E9	0.0	0.0
3.2141504155E9	0.0	0.0
3.214151554E9	0.0	0.0
3.21415269E9	0.0	0.0
3.214153825E9	0.0	0.0
3.21415496E9	0.0	0.0
3.214156091E9	0.0	0.0
3.214157218E9	0.0	0.0
3.2141583445E9	0.0	0.0
3.214159469E9	0.0	0.0
3.214160592E9	0.0	0.0
3.214161715E9	0.0	0.0
3.2141628375E9	0.0	0.0
3.2141639595E9	0.0	0.0
3.214165081E9	0.0	0.0
3.214166202E9	0.0	0.0
3.214167322E9	0.0	0.0
3.214168441E9	0.0	0.0
3.21416956E9	0.0	0.0
3.2141706785E9	0.0	0.0
3.214171795E9	0.0	0.0
3.2141729055E9	0.0	0.0
3.2141740115E9	0.0	0.0
3.2141751165E9	0.0	0.0
3.2141762195E9	0.0	0.0
3.214177321E9	0.0	0.0
3.2141784205E9	0.0	0.0
3.2141795185E9	0.0	0.0
3.2141806155E9	0.0	0.0
3.2141817115E9	0.0	0.0
3.214182807E9	0.0	0.0
3.214183901E9	0.0	0.0
3.2141849925E9	0.0	0.0
3.214186082E9	0.0	0.0
3.21418717E9	0.0	0.0
3.214188257E9	0.0	0.0
3.214189343E9	0.0	0.0
3.214190428E9	0.0	0.0
3.214191513E9	0.0	0.0
3.214192597E9	0.0	0.0
3.2141936785E9	0.0	0.0
3.2141947585E9	0.0	0.0
3.214195838E9	0.0	0.0
3.214196917E9	0.0	0.0
3.214197996E9	0.0	0.0
3.214199073E9	0.0	0.0
3.2142001475E9	0.0	0.0
3.214201221E9	0.0	0.0
3.2142022925E9	0.0	0.0
3.2142033615E9	0.0	0.0
3.214204429E9	0.0	0.0
3.2142054955E9	0.0	0.0
3.2142065615E9	0.0	0.0
3.2142076275E9	0.0	0.0
3.214208692E9	0.0	0.0
3.214209755E9	0.0	0.0
3.214210818E9	0.0	0.0
3.2142118805E9	0.0	0.0
3.2142129405E9	0.0	0.0
3.2142139975E9	0.0	0.0
3.2142150515E9	0.0	0.0
3.214216103E9	0.0	0.0
3.214217154E9	0.0	0.0
3.2142182045E9	0.0	0.0
3.2142192535E9	0.0	0.0
3.2142203005E9	0.0	0.0
3.2142213465E9	0.0	0.0
3.214222392E9	0.0	0.0
3.214223436E9	0.0	0.0
3.2142244765E9	0.0	0.0
3.2142255135E9	0.0	0.0
3.214226549E9	0.0	0.0
3.214227584E9	0.0	0.0
3.214228619E9	0.0	0.0
3.214229653E9	0.0	0.0
3.2142306855E9	0.0	0.0
3.214231717E9	0.0	0.0
3.2142327455E9	0.0	0.0
3.2142337715E9	0.0	0.0
3.2142347975E9	0.0	0.0
3.214235822E9	0.0	0.0
3.2142368445E9	0.0	0.0
3.2142378655E9	0.0	0.0
3.2142388855E9	0.0	0.0
3.2142399055E9	0.0	0.0
3.214240925E9	0.0	0.0
3.2142419435E9	0.0	0.0
3.2142429615E9	0.0	0.0
3.214243979E9	0.0	0.0
3.214244995E9	0.0	0.0
3.21424601E9	0.0	0.0
3.214247025E9	0.0	0.0
3.2142480395E9	0.0	0.0
3.2142490535E9	0.0	0.0
3.214250067E9	0.0	0.0
3.21425108E9	0.0	0.0
3.214252093E9	0.0	0.0
3.2142531055E9	0.0	0.0
3.214254117E9	0.0	0.0
3.214255128E9	0.0	0.0
3.214256138E9	0.0	0.0
3.2142571465E9	0.0	0.0
3.2142581545E9	0.0	0.0
3.214259162E9	0.0	0.0
3.214260169E9	0.0	0.0
3.214261176E9	0.0	0.0
3.2142621825E9	0.0	0.0
3.214263188E9	0.0	0.0
3.214264192E9	0.0	0.0
3.214265194E9	0.0	0.0
3.2142661945E9	0.0	0.0
3.21427635E9	0.0	0.0
3.214291862E9	0.0	0.0
3.21430335E9	0.0	0.0
3.214313871E9	0.0	0.0
3.2143235445E9	0.0	0.0
3.2143330005E9	0.0	0.0
3.2143422665E9	0.0	0.0
3.2143514105E9	0.0	0.0
3.214360346E9	0.0	0.0
3.2143690765E9	0.0	0.0
3.2143777045E9	0.0	0.0
3.2143860165E9	0.0	0.0
3.214393925E9	0.0	0.0
3.214401597E9	0.0	0.0
3.214409125E9	0.0	0.0
3.214416591E9	0.0	0.0
3.2144239925E9	0.0	0.0
3.214431275E9	0.0	0.0
3.2144384185E9	0.0	0.0
3.2144454085E9	0.0	0.0
3.214452315E9	0.0	0.0
3.2144592035E9	0.0	0.0
3.214466072E9	0.0	0.0
3.2144729205E9	0.0	0.0
3.2144797045E9	0.0	0.0
3.2144864125E9	0.0	0.0
3.214493033E9	0.0	0.0
3.2144995075E9	0.0	0.0
3.214505878E9	0.0	0.0
3.214512198E9	0.0	0.0
3.2145184785E9	0.0	0.0
3.214524698E9	0.0	0.0
3.21453087E9	0.0	0.0
3.2145370155E9	0.0	0.0
3.214543128E9	0.0	0.0
3.21454923E9	0.0	0.0
3.214555226E9	0.0	0.0
3.214561087E9	0.0	0.0
3.214566898E9	0.0	0.0
3.2145726825E9	0.0	0.0
3.21457845E9	0.0	0.0
3.2145841875E9	0.0	0.0
3.2145898995E9	0.0	0.0
3.2145955485E9	0.0	0.0
3.2146011265E9	0.0	0.0
3.2146066885E9	0.0	0.0
3.2146121765E9	0.0	0.0
3.214617573E9	0.0	0.0
3.2146229105E9	0.0	0.0
3.214628188E9	0.0	0.0
3.214633394E9	0.0	0.0
3.2146385375E9	0.0	0.0
3.2146435915E9	0.0	0.0
3.214648559E9	0.0	0.0
3.214653511E9	0.0	0.0
3.214658433E9	0.0	0.0
3.214663315E9	0.0	0.0
3.214668171E9	0.0	0.0
3.2146729325E9	0.0	0.0
3.214677592E9	0.0	0.0
3.2146822085E9	0.0	0.0
3.214686776E9	0.0	0.0
3.2146913135E9	0.0	0.0
3.214695831E9	0.0	0.0
3.21470033E9	0.0	0.0
3.2147047995E9	0.0	0.0
3.2147092285E9	0.0	0.0
3.21471364E9	0.0	0.0
3.2147179955E9	0.0	0.0
3.2147222965E9	0.0	0.0
3.214726585E9	0.0	0.0
3.21473081E9	0.0	0.0
3.214734981E9	0.0	0.0
3.2147391335E9	0.0	0.0
3.214743252E9	0.0	0.0
3.214747347E9	0.0	0.0
3.214751399E9	0.0	0.0
3.2147554065E9	0.0	0.0
3.214759393E9	0.0	0.0
3.2147632455E9	0.0	0.0
3.214766966E9	0.0	0.0
3.2147706635E9	0.0	0.0
3.2147743445E9	0.0	0.0
3.214778019E9	0.0	0.0
3.2147816915E9	0.0	0.0
3.214785344E9	0.0	0.0
3.214788977E9	0.0	0.0
3.2147926E9	0.0	0.0
3.214796209E9	0.0	0.0
3.2147998075E9	0.0	0.0
3.2148033965E9	0.0	0.0
3.2148069815E9	0.0	0.0
3.214810562E9	0.0	0.0
3.214814119E9	0.0	0.0
3.2148176425E9	0.0	0.0
3.214821152E9	0.0	0.0
3.2148246505E9	0.0	0.0
3.214828131E9	0.0	0.0
3.21483159E9	0.0	0.0
3.214835026E9	0.0	0.0
3.214838437E9	0.0	0.0
3.214841818E9	0.0	0.0
3.21484517E9	0.0	0.0
3.2148485005E9	0.0	0.0
3.21485182E9	0.0	0.0
3.214855134E9	0.0	0.0
3.214858432E9	0.0	0.0
3.2148616985E9	0.0	0.0
3.214864947E9	0.0	0.0
3.214868189E9	0.0	0.0
3.214871425E9	0.0	0.0
3.2148746425E9	0.0	0.0
3.21487784E9	0.0	0.0
3.214881025E9	0.0	0.0
3.2148841915E9	0.0	0.0
3.214887342E9	0.0	0.0
3.214890483E9	0.0	0.0
3.2148936215E9	0.0	0.0
3.2148967585E9	0.0	0.0
3.2148998925E9	0.0	0.0
3.2149030245E9	0.0	0.0
3.214906138E9	0.0	0.0
3.2149092325E9	0.0	0.0
3.214912326E9	0.0	0.0
3.214915402E9	0.0	0.0
3.214918424E9	0.0	0.0
3.214921404E9	0.0	0.0
3.214924375E9	0.0	0.0
3.214927339E9	0.0	0.0
3.214930297E9	0.0	0.0
3.214933242E9	0.0	0.0
3.214936176E9	0.0	0.0
3.214939097E9	0.0	0.0
3.2149420035E9	0.0	0.0
3.2149449015E9	0.0	0.0
3.2149477905E9	0.0	0.0
3.214950676E9	0.0	0.0
3.2149535575E9	0.0	0.0
3.214956434E9	0.0	0.0
3.214959302E9	0.0	0.0
3.2149621605E9	0.0	0.0
3.2149650075E9	0.0	0.0
3.214967827E9	0.0	0.0
3.214970626E9	0.0	0.0
3.2149734185E9	0.0	0.0
3.214976199E9	0.0	0.0
3.214978963E9	0.0	0.0
3.2149817175E9	0.0	0.0
3.214984466E9	0.0	0.0
3.2149872E9	0.0	0.0
3.2149899235E9	0.0	0.0
3.2149926255E9	0.0	0.0
3.214995301E9	0.0	0.0
3.214997967E9	0.0	0.0
3.2150006245E9	0.0	0.0
3.215003274E9	0.0	0.0
3.215005915E9	0.0	0.0
3.215008549E9	0.0	0.0
3.21501118E9	0.0	0.0
3.2150138005E9	0.0	0.0
3.215016406E9	0.0	0.0
3.2150189885E9	0.0	0.0
3.2150215495E9	0.0	0.0
3.215024103E9	0.0	0.0
3.215026654E9	0.0	0.0
3.2150291985E9	0.0	0.0
3.2150317365E9	0.0	0.0
3.215034268E9	0.0	0.0
3.2150367795E9	0.0	0.0
3.2150392765E9	0.0	0.0
3.215041766E9	0.0	0.0
3.215044245E9	0.0	0.0
3.215046717E9	0.0	0.0
3.215049179E9	0.0	0.0
3.2150516285E9	0.0	0.0
3.215054069E9	0.0	0.0
3.215056505E9	0.0	0.0
3.215058936E9	0.0	0.0
3.215061359E9	0.0	0.0
3.215063775E9	0.0	0.0
3.2150661875E9	0.0	0.0
3.2150685935E9	0.0	0.0
3.215070993E9	0.0	0.0
3.2150733905E9	0.0	0.0
3.215075785E9	0.0	0.0
3.2150781745E9	0.0	0.0
3.2150805595E9	0.0	0.0
3.2150829425E9	0.0	0.0
3.2150853245E9	0.0	0.0
3.215087699E9	0.0	0.0
3.2150900655E9	0.0	0.0
3.2150924295E9	0.0	0.0
3.215094791E9	0.0	0.0
3.215097148E9	0.0	0.0
3.215099499E9	0.11962537249893572	0.4581228472908512
3.2151018475E9	0.0	0.0
3.2151041915E9	0.0	0.0
3.215106531E9	0.0	0.0
3.2151088685E9	0.0	0.0
3.215111203E9	0.0	0.0
3.2151135345E9	0.0	0.0
3.215115863E9	0.0	0.0
3.2151181855E9	0.0	0.0
3.215120491E9	0.0	0.0
3.2151227835E9	0.0	0.0
3.215125073E9	0.0	0.0
3.2151273535E9	0.0	0.0
3.2151296275E9	0.0	0.0
3.215131898E9	0.0	0.0
3.2151341615E9	0.0	0.0
3.21513642E9	0.0	0.0
3.2151386685E9	0.0	0.0
3.215140908E9	0.0	0.0
3.2151431435E9	0.0	0.0
3.2151453745E9	0.0	0.0
3.2151476045E9	0.0	0.0
3.2151498305E9	0.0	0.0
3.2151520495E9	0.0	0.0
3.2151542645E9	0.0	0.0
3.2151564765E9	0.0	0.0
3.215158683E9	0.0	0.0
3.215160883E9	0.0	0.0
3.2151630795E9	0.0	0.0
3.2151652755E9	0.0	0.0
3.215167463E9	0.0	0.0
3.2151696415E9	0.0	0.0
3.2151718195E9	0.0	0.0
3.2151739945E9	0.0	0.0
3.2151761655E9	0.0	0.0
3.215178334E9	0.0	0.0
3.215180501E9	0.0	0.0
3.215182663E9	0.0	0.0
3.215184818E9	0.0	0.0
3.21518697E9	0.0	0.0
3.215189119E9	0.0	0.0
3.215191265E9	0.0	0.0
3.2151934085E9	0.0	0.0
3.2151955505E9	0.0	0.0
3.2151976895E9	0.0	0.0
3.2151998225E9	0.0	0.0
3.2152019515E9	0.0	0.0
3.2152040785E9	0.0	0.0
3.2152062045E9	0.0	0.0
3.215208327E9	0.0	0.0
3.21521044E9	0.0	0.0
3.215212539E9	0.0	0.0
3.215214628E9	0.0	0.0
3.2152167145E9	0.0	0.0
3.215218799E9	0.0	0.0
3.215220878E9	0.0	0.0
3.215222953E9	0.0	0.0
3.2152250265E9	0.0	0.0
3.2152270965E9	0.0	0.0
3.215229164E9	0.0	0.0
3.215231225E9	0.0	0.0
3.215233278E9	0.0	0.0
3.2152353285E9	0.0	0.0
3.21523737E9	0.0	0.0
3.2152393985E9	0.0	0.0
3.2152414185E9	0.0	0.0
3.215243432E9	0.0	0.0
3.215245442E9	0.0	0.0
3.215247448E9	0.0	0.0
3.21524945E9	0.0	0.0
3.215252202E9	0.0	0.0
3.215255599E9	0.0	0.0
3.2152589315E9	0.0	0.0
3.2152623055E9	0.0	0.0
3.215265744E9	0.0	0.0
3.2152690635E9	0.0	0.0
3.215272184E9	0.0	0.0
3.2152754235E9	0.0	0.0
3.215278658E9	0.0	0.0
3.215281698E9	0.0	0.0
3.215284743E9	0.0	0.0
3.215288054E9	0.0	0.0
3.215291456E9	0.0	0.0
3.215294611E9	0.0	0.0
3.2152978805E9	0.0	0.0
3.215301097E9	0.0	0.0
3.215304314E9	0.0	0.0
3.2153076465E9	0.0	0.0
3.215310979E9	0.0	0.0
3.215314496E9	0.0	0.0
3.215318013E9	0.0	0.0
3.21532153E9	0.0	0.0
3.215325047E9	0.0	0.0
3.2153282945E9	0.0	0.0
3.2153312845E9	0.0	0.0
3.2153343595E9	0.0	0.0
3.2153374755E9	0.0	0.0
3.215340568E9	0.0	0.0
3.21534367E9	0.0	0.0
3.21534698E9	0.0	0.0
3.2153502905E9	0.0	0.0
3.2153534515E9	0.0	0.0
3.2153566195E9	0.0	0.0
3.215359937E9	0.0	0.0
3.21536325E9	0.0	0.0
3.215366413E9	0.0	0.0
3.215369674E9	0.0	0.0
3.2153728535E9	0.0	0.0
3.2153759365E9	0.0	0.0
3.215379186E9	0.0	0.0
3.215382434E9	0.0	0.0
3.215385674E9	0.0	0.0
3.215389014E9	0.0	0.0
3.215392354E9	0.0	0.0
3.2153957335E9	0.0	0.0
3.2153991785E9	0.0	0.0
3.215402616E9	0.0	0.0
3.2154058495E9	0.0	0.0
3.2154091475E9	0.0	0.0
3.2154126005E9	0.0	0.0
3.21541585E9	0.0	0.0
3.2154189685E9	0.0	0.0
3.215422291E9	0.0	0.0
3.215425794E9	0.0	0.0
3.215429297E9	0.0	0.0
3.215432735E9	0.0	0.0
3.215435873E9	0.0	0.0
3.215438861E9	0.0	0.0
3.2154420785E9	0.0	0.0
3.21544538E9	0.0	0.0
3.2154487505E9	0.0	0.0
3.215452114E9	0.0	0.0
3.2154553195E9	0.0	0.0
3.215458528E9	0.0	0.0
3.2154618955E9	0.0	0.0
3.2154651985E9	0.0	0.0
3.2154682605E9	0.0	0.0
3.2154715215E9	0.0	0.0
3.2154750235E9	0.0	0.0
3.215478312E9	0.0	0.0
3.215481473E9	0.0	0.0
3.2154847745E9	0.0	0.0
3.2154882035E9	0.0	0.0
3.2154917055E9	0.0	0.0
3.2154952075E9	0.0	0.0
3.2154987095E9	0.0	0.0
3.2155022115E9	0.0	0.0
3.215505714E9	0.0	0.0
3.2155090535E9	0.0	0.0
3.2155123925E9	0.0	0.0
3.2155157015E9	0.0	0.0
3.215518781E9	0.0	0.0
3.21552201E9	0.0	0.0
3.215525176E9	0.0	0.0
3.215528393E9	0.0	0.0
3.215531697E9	0.0	0.0
3.215534851E9	0.0	0.0
3.21553803E9	0.0	0.0
3.2155413595E9	0.0	0.0
3.21554477E9	0.0	0.0
3.2155481805E9	0.0	0.0
3.2155516985E9	0.0	0.0
3.2155551125E9	0.0	0.0
3.215558519E9	0.0	0.0
3.215561722E9	0.0	0.0
3.2155648605E9	0.0	0.0
3.215568299E9	0.0	0.0
3.215571502E9	0.0	0.0
3.2155747125E9	0.0	0.0
3.2155779305E9	0.0	0.0
3.2155808485E9	0.0	0.0
3.2155838525E9	0.0	0.0
3.215586935E9	0.0	0.0
3.2155902315E9	0.0	0.0
3.215593685E9	0.0	0.0
3.2155971385E9	0.0	0.0
3.2156006565E9	0.0	0.0
3.21560411E9	0.0	0.0
3.215607563E9	0.0	0.0
3.2156108695E9	0.0	0.0
3.215613869E9	0.0	0.0
3.2156170145E9	0.0	0.0
3.215620467E9	0.0	0.0
3.215623763E9	0.0	0.0
3.2156267655E9	0.0	0.0
3.215629989E9	0.0	0.0
3.215633506E9	0.0	0.0
3.2156369585E9	0.0	0.0
3.215640411E9	0.0	0.0
3.2156439225E9	0.0	0.0
3.21564713E9	0.0	0.0
3.2156500425E9	0.0	0.0
3.215652959E9	0.0	0.0
3.2156559775E9	0.0	0.0
3.2156590725E9	0.0	0.0
3.2156621745E9	0.0	0.0
3.21566536E9	0.0	0.0
3.215668538E9	0.0	0.0
3.2156716965E9	0.0	0.0
3.215674754E9	0.0	0.0
3.2156776715E9	0.0	0.0
3.2156805895E9	0.0	0.0
3.2156838075E9	0.0	0.0
3.215687198E9	0.0	0.0
3.215690357E9	0.0	0.0
3.215693546E9	0.0	0.0
3.2156965455E9	0.0	0.0
3.2156992215E9	0.0	0.0
3.215702043E9	0.0	0.0
3.215705146E9	0.0	0.0
3.2157083985E9	0.0	0.0
3.2157116665E9	0.0	0.0
3.215714963E9	0.0	0.0
3.2157182855E9	0.0	0.0
3.215721464E9	0.0	0.0
3.215724319E9	0.0	0.0
3.215727136E9	0.0	0.0
3.2157302765E9	0.0	0.0
3.2157335985E9	0.0	0.0
3.2157369205E9	0.0	0.0
3.2157399195E9	0.0	0.0
3.2157429195E9	0.0	0.0
3.2157462435E9	0.0	0.0
3.215749567E9	0.0	0.0
3.215752688E9	0.0	0.0
3.2157558095E9	0.0	0.0
3.215759133E9	0.0	0.0
3.215762139E9	0.0	0.0
3.2157651395E9	0.0	0.0
3.2157684515E9	0.0	0.0
3.215771735E9	0.0	0.0
3.2157750305E9	0.0	0.0
3.2157773025E9	0.0	0.0
3.2157794195E9	0.0	0.0
3.2157826E9	0.0	0.0
3.215785612E9	0.0	0.0
3.2157884825E9	0.0	0.0
3.2157916765E9	0.0	0.0
3.215794986E9	0.0	0.0
3.215797972E9	0.0	0.0
3.2158009845E9	0.0	0.0
3.2158039965E9	0.0	0.0
3.2158066845E9	0.0	0.0
3.215809554E9	0.0	0.0
3.215812605E9	0.0	0.0
3.2158157985E9	0.0	0.0
3.2158189055E9	0.0	0.0
3.215822012E9	0.0	0.0
3.215825024E9	0.0	0.0
3.2158280365E9	0.0	0.0
3.215831371E9	0.0	0.0
3.2158347055E9	0.0	0.0
3.2158378245E9	0.0	0.0
3.2158409435E9	0.0	0.0
3.21584428E9	0.0	0.0
3.21584761E9	0.0	0.0
3.215850933E9	0.0	0.0
3.2158539375E9	0.0	0.0
3.215856942E9	0.0	0.0
3.215860093E9	0.0	0.0
3.215863244E9	0.0	0.0
3.2158663905E9	0.0	0.0
3.215869538E9	0.0	0.0
3.215872863E9	0.0	0.0
3.215876186E9	0.0	0.0
3.215879509E9	0.0	0.0
3.21588251E9	0.0	0.0
3.215885511E9	0.0	0.0
3.215888512E9	0.0	0.0
3.215891189E9	0.0	0.0
3.21589419E9	0.0	0.0
3.215897516E9	0.0	0.0
3.215900843E9	0.0	0.0
3.2159039095E9	0.0	0.0
3.215906976E9	0.0	0.0
3.215909984E9	0.0	0.0
3.2159126735E9	0.0	0.0
3.215915363E9	0.0	0.0
3.215918371E9	0.0	0.0
3.2159215555E9	0.0	0.0
3.21592474E9	0.0	0.0
3.2159280655E9	0.0	0.0
3.215931071E9	0.0	0.0
3.2159340705E9	0.0	0.0
3.2159373825E9	0.0	0.0
3.2159404075E9	0.0	0.0
3.215943354E9	0.0	0.0
3.215946508E9	0.0	0.0
3.2159497405E9	0.0	0.0
3.215952974E9	0.0	0.0
3.215956129E9	0.0	0.0
3.2159593625E9	0.0	0.0
3.215962356E9	0.0	0.0
3.2159650305E9	0.0	0.0
3.215967881E9	0.0	0.0
3.215971022E9	0.0	0.0
3.215974032E9	0.0	0.0
3.2159770415E9	0.0	0.0
3.215980006E9	0.0	0.0
3.2159826815E9	0.0	0.0
3.215985681E9	0.0	0.0
3.2159889715E9	0.0	0.0
3.215991939E9	0.0	0.0
3.21599494E9	0.0	0.0
3.215998252E9	0.0	0.0
3.2160015535E9	0.0	0.0
3.2160046055E9	0.0	0.0
3.216007344E9	0.0	0.0
3.216010324E9	0.0	0.0
3.216013594E9	0.0	0.0
3.2160168835E9	0.0	0.0
3.2160202055E9	0.0	0.0
3.2160235275E9	0.0	0.0
3.216026526E9	0.0	0.0
3.216029446E9	0.0	0.0
3.21603269E9	0.0	0.0
3.2160359275E9	0.0	0.0
3.2160390795E9	0.0	0.0
3.216042317E9	0.0	0.0
3.2160454145E9	0.0	0.0
3.216048512E9	0.0	0.0
3.2160515115E9	0.0	0.0
3.216054469E9	0.0	0.0
3.216057747E9	0.0	0.0
3.216060927E9	0.0	0.0
3.2160637865E9	0.0	0.0
3.216066786E9	0.0	0.0
3.2160698495E9	0.0	0.0
3.216072913E9	0.0	0.0
3.216076094E9	0.0	0.0
3.2160789515E9	0.0	0.0
3.2160819585E9	0.0	0.0
3.216085297E9	0.0	0.0
3.2160886345E9	0.0	0.0
3.216091748E9	0.0	0.0
3.216094714E9	0.0	0.0
3.216097755E9	0.0	0.0
3.216100937E9	0.0	0.0
3.2161039365E9	0.0	0.0
3.2161066125E9	0.0	0.0
3.216109612E9	0.0	0.0
3.2161129435E9	0.0	0.0
3.2161162835E9	0.0	0.0
3.2161196235E9	0.0	0.0
3.216122957E9	0.0	0.0
3.216126142E9	0.0	0.0
3.216129327E9	0.0	0.0
3.216132654E9	0.0	0.0
3.2161357985E9	0.0	0.0
3.216138943E9	0.0	0.0
3.21614227E9	0.0	0.0
3.216145597E9	0.0	0.0
3.216148924E9	0.0	0.0
3.216152251E9	0.0	0.0
3.2161555515E9	0.0	0.0
3.2161588545E9	0.0	0.0
3.216161927E9	0.0	0.0
3.2161649995E9	0.0	0.0
3.2161683315E9	0.0	0.0
3.216171664E9	0.0	0.0
3.2161749965E9	0.0	0.0
3.2161783285E9	0.0	0.0
3.2161814845E9	0.0	0.0
3.2161843185E9	0.0	0.0
3.2161870065E9	0.0	0.0
3.2161896945E9	0.0	0.0
3.216192707E9	0.0	0.0
3.21619572E9	0.0	0.0
3.2161987065E9	0.0	0.0
3.2162020015E9	0.0	0.0
3.216205323E9	0.0	0.0
3.2162086595E9	0.0	0.0
3.2162118295E9	0.0	0.0
3.216214998E9	0.0	0.0
3.2162183305E9	0.0	0.0
3.2162216525E9	0.0	0.0
3.216224646E9	0.0	0.0
3.216227637E9	0.0	0.0
3.216230952E9	0.0	0.0
3.216234277E9	0.0	0.0
3.2162372785E9	0.0	0.0
3.2162401415E9	0.0	0.0
3.216243341E9	0.0	0.0
3.216246544E9	0.0	0.0
3.216249747E9	0.0	0.0
3.216253088E9	0.0	0.0
3.216256429E9	0.0	0.0
3.216259551E9	0.0	0.0
3.216262673E9	0.0	0.0
3.216265795E9	0.0	0.0
3.21626869E9	0.0	0.0
3.216271812E9	0.0	0.0
3.2162749705E9	0.0	0.0
3.216278128E9	0.0	0.0
3.216281475E9	0.0	0.0
3.216284595E9	0.0	0.0
3.2162877015E9	0.0	0.0
3.216290876E9	0.0	0.0
3.216293857E9	0.0	0.0
3.216296997E9	0.0	0.0
3.216300344E9	0.0	0.0
3.2163035495E9	0.0	0.0
3.2163065285E9	0.0	0.0
3.2163096495E9	0.0	0.0
3.2163127715E9	0.0	0.0
3.2163158935E9	0.0	0.0
3.2163192415E9	0.0	0.0
3.2163225895E9	0.0	0.0
3.2163259375E9	0.0	0.0
3.21632905E9	0.0	0.0
3.2163319715E9	0.0	0.0
3.2163349015E9	0.0	0.0
3.2163377955E9	0.0	0.0
3.2163407595E9	0.0	0.0
3.216343809E9	0.0	0.0
3.216347002E9	0.0	0.0
3.2163501975E9	0.0	0.0
3.2163534065E9	0.0	0.0
3.2163565275E9	0.0	0.0
3.2163596385E9	0.0	0.0
3.216362801E9	0.0	0.0
3.2163657465E9	0.0	0.0
3.216368868E9	0.0	0.0
3.216372217E9	0.0	0.0
3.216375566E9	0.0	0.0
3.2163787465E9	0.0	0.0
3.216381718E9	0.0	0.0
3.216384848E9	0.0	0.0
3.216388187E9	0.0	0.0
3.216391536E9	0.0	0.0
3.216394706E9	0.0	0.0
3.2163977445E9	0.0	0.0
3.216400906E9	0.0	0.0
3.216404199E9	0.0	0.0
3.2164074025E9	0.0	0.0
3.2164104745E9	0.0	0.0
3.216413692E9	0.0	0.0
3.216417041E9	0.0	0.0
3.216420245E9	0.0	0.0
3.2164234355E9	0.0	0.0
3.2164265695E9	0.0	0.0
3.216429717E9	0.0	0.0
3.216433066E9	0.0	0.0
3.216436415E9	0.0	0.0
3.216439764E9	0.0	0.0
3.216443113E9	0.0	0.0
3.216446281E9	0.0	0.0
3.2164494515E9	0.0	0.0
3.216452675E9	0.0	0.0
3.2164558975E9	0.0	0.0
3.2164592505E9	0.0	0.0
3.216462525E9	0.0	0.0
3.2164657995E9	0.0	0.0
3.2164691535E9	0.0	0.0
3.2164723675E9	0.0	0.0
3.2164755815E9	0.0	0.0
3.216478935E9	0.0	0.0
3.2164822885E9	0.0	0.0
3.216485417E9	0.0	0.0
3.2164885455E9	0.0	0.0
3.2164918995E9	0.0	0.0
3.2164952535E9	0.0	0.0
3.216498602E9	0.0	0.0
3.2165019505E9	0.0	0.0
3.2165051765E9	0.0	0.0
3.216508402E9	0.0	0.0
3.2165116895E9	0.0	0.0
3.216514835E9	0.0	0.0
3.216517821E9	0.0	0.0
3.2165209395E9	0.0	0.0
3.216524281E9	0.0	0.0
3.2165276325E9	0.0	0.0
3.216530901E9	0.0	0.0
3.2165341695E9	0.0	0.0
3.2165375235E9	0.0	0.0
3.216540668E9	0.0	0.0
3.2165438125E9	0.0	0.0
3.2165471665E9	0.0	0.0
3.2165505205E9	0.0	0.0
3.216553872E9	0.0	0.0
3.2165570455E9	0.0	0.0
3.216560219E9	0.0	0.0
3.216563568E9	0.0	0.0
3.216566917E9	0.0	0.0
3.216570039E9	0.0	0.0
3.2165730755E9	0.0	0.0
3.216576339E9	0.0	0.0
3.216579688E9	0.0	0.0
3.216583037E9	0.0	0.0
3.216586159E9	0.0	0.0
3.216589281E9	0.0	0.0
3.216592504E9	0.0	0.0
3.2165955415E9	0.0	0.0
3.21659854E9	0.0	0.0
3.2166015925E9	0.0	0.0
3.21660481E9	0.0	0.0
3.216608159E9	0.0	0.0
3.2166115075E9	0.0	0.0
3.2166147145E9	0.0	0.0
3.2166177765E9	0.0	0.0
3.21662098E9	0.0	0.0
3.216624102E9	0.0	0.0
3.216627224E9	0.0	0.0
3.216630573E9	0.0	0.0
3.216633922E9	0.0	0.0
3.216637146E9	0.0	0.0
3.2166401835E9	0.0	0.0
3.216643346E9	0.0	0.0
3.216646695E9	0.0	0.0
3.216650044E9	0.0	0.0
3.216653166E9	0.0	0.0
3.2166561465E9	0.0	0.0
3.216659354E9	0.0	0.0
3.216662703E9	0.0	0.0
3.216666052E9	0.0	0.0
3.216669174E9	0.0	0.0
3.216672296E9	0.0	0.0
3.2166756545E9	0.0	0.0
3.2166790225E9	0.0	0.0
3.2166823905E9	0.0	0.0
3.216685673E9	0.0	0.0
3.2166889445E9	0.0	0.0
3.216693862E9	0.0	0.0
3.2167003485E9	0.0	0.0
3.216706833E9	0.0	0.0
3.216713318E9	0.0	0.0
3.2167198065E9	0.0	0.0
3.216726295E9	0.0	0.0
3.2167327835E9	0.0	0.0
3.2167392715E9	0.0	0.0
3.216745756E9	0.0	0.0
3.216752241E9	0.0	0.0
3.216758463E9	0.0	0.0
3.2167643375E9	0.0	0.0
3.2167701955E9	0.0	0.0
3.21677636E9	0.0	0.0
3.21678278E9	0.0	0.0
3.216789217E9	0.0	0.0
3.216795654E9	0.0	0.0
3.216801799E9	0.0	0.0
3.2168075585E9	0.0	0.0
3.2168134965E9	0.0	0.0
3.2168195045E9	0.0	0.0
3.216825672E9	0.0	0.0
3.216831997E9	0.0	0.0
3.216838354E9	0.0	0.0
3.216844949E9	0.0	0.0
3.216851444E9	0.0	0.0
3.216857935E9	0.0	0.0
3.2168641685E9	0.0	0.0
3.2168708475E9	0.0	0.0
3.216878323E9	0.0	0.0
3.216885674E9	0.0	0.0
3.2168929045E9	0.0	0.0
3.216900135E9	0.0	0.0
3.2169073135E9	0.0	0.0
3.2169144395E9	0.0	0.0
3.2169215655E9	0.0	0.0
3.2169285285E9	0.0	0.0
3.2169353955E9	0.0	0.0
3.2169424075E9	0.0	0.0
3.2169494975E9	0.0	0.0
3.216956587E9	0.0	0.0
3.216963676E9	0.0	0.0
3.216970776E9	0.0	0.0
3.2169778825E9	0.0	0.0
3.216984985E9	0.0	0.0
3.2169920875E9	0.0	0.0
3.217001009E9	0.0	0.0
3.217011994E9	0.0	0.0
3.2170245625E9	0.0	0.0
3.2170382295E9	0.0	0.0
3.2170525655E9	0.0	0.0
3.2170682435E9	0.0	0.0
3.2170843585E9	0.0	0.0
3.2170991995E9	0.0	0.0
3.217114E9	0.0	0.0
3.21712877E9	0.0	0.0
3.217142481E9	0.0	0.0
3.217156407E9	0.0	0.0
3.217170332E9	0.0	0.0
3.2171839935E9	0.0	0.0
3.2171963255E9	0.0	0.0
3.217208923E9	0.0	0.0
3.217222861E9	0.0	0.0
3.217236798E9	0.0	0.0
3.2172507325E9	0.0	0.0
3.2172632405E9	0.0	0.0
3.217274566E9	0.0	0.0
3.2172858795E9	0.0	0.0
3.2172969355E9	0.0	0.0
3.21730762E9	0.0	0.0
3.21731856E9	0.0	0.0
3.217330128E9	0.0	0.0
3.217341415E9	0.0	0.0
