# Position (bp)	A	C	G	T	N
0.0	34.48180815876516	19.432194046306506	17.39250275633958	28.224917309812568	0.4685777287761852
1.0	32.57993384785006	18.74310915104741	20.53472987872106	28.14222712238148	0.0
2.0	32.05728449462958	19.856788763426053	20.21481685486092	27.87110988708345	0.0
3.0	30.242157402311502	19.565217391304348	20.00550357732526	30.049532195927352	0.13758943313153552
4.0	32.48145094806266	20.060456169277273	19.12613355317395	28.33195932948612	0.0
5.0	30.480109739369	18.710562414266118	19.89026063100137	30.919067215363512	0.0
6.0	29.531121469701123	20.564847820126133	19.879352892788592	30.02467781738415	0.0
7.0	31.17808219178082	20.3013698630137	19.041095890410958	29.47945205479452	0.0
8.0	30.522857924993158	19.35395565288804	19.87407610183411	30.2491103202847	0.0
9.0	29.220246238030096	19.890560875512996	21.61422708618331	29.2749658002736	0.0
10.0	30.74610549330418	20.30609456135556	19.26755944247062	29.680240502869637	0.0
11.0	30.81967213114754	20.601092896174862	19.69945355191257	28.879781420765028	0.0
12.0	31.13903305107894	19.830647364108167	18.71073477192024	30.319584812892654	0.0
13.0	31.14933114933115	19.79251979251979	18.64591864591865	30.41223041223041	0.0
14.0	30.18558951965066	19.37772925764192	19.104803493449783	31.33187772925764	0.0
15.0	31.788440567066523	20.010905125408943	18.402399127589966	29.798255179934568	0.0
16.0	30.498773507767783	19.324066503134368	19.70564186426819	30.471518124829654	0.0
17.0	31.246597713663583	20.195971692977682	19.896570495372888	28.660860097985847	0.0
18.0	30.0952380952381	19.238095238095237	19.972789115646258	30.69387755102041	0.0
19.0	29.997280391623605	19.853141147674734	20.342670655425618	29.80690780527604	0.0
20.0	30.187652977971176	20.560239325537122	18.629317378297525	30.62279031819418	0.0
21.0	30.59559423443024	19.93472939896655	19.36361163992385	30.10606472667936	0.0
22.0	30.116879586844252	20.49469964664311	20.141342756183743	29.219896711062788	0.02718129926610492
23.0	30.27173913043478	20.32608695652174	20.35326086956522	29.048913043478258	0.0
24.0	29.991850040749796	19.7772344471611	19.94023363216517	30.290681879923937	0.0
25.0	30.437143632907954	18.6532717893022	20.961172956828673	29.948411620961174	0.0
26.0	29.53311617806732	20.466883821932683	20.412595005428884	29.56026058631922	0.02714440825190011
27.0	32.021709633649934	20.352781546811396	18.778833107191318	28.710990502035276	0.13568521031207598
28.0	30.01356852103121	20.10854816824966	19.864314789687924	30.01356852103121	0.0
29.0	28.710990502035276	19.592944369063773	21.058344640434193	30.63772048846676	0.0
30.0	29.932157394843962	20.56987788331072	19.674355495251017	29.8236092265943	0.0
31.0	29.84264785675529	20.293000542593596	20.510037981551818	29.354313619099294	0.0
32.0	29.617575264442635	19.121236777868187	20.965554651478165	30.295633306211013	0.0
33.0	28.858150257662057	20.206129644697587	21.046921616490373	29.888798481149987	0.0
34.0	29.536208299430434	20.124762679685382	19.79929481963656	30.539734201247626	0.0
35.0	28.342826145918092	20.938432329807434	20.01627339300244	30.702468131272038	0.0
36.0	29.264985082723083	20.857065364795226	20.423108218063465	29.427719012747488	0.027122321670735017
37.0	30.523177012740582	19.35483870967742	20.00542152344809	30.116562754133913	0.0
38.0	30.87757313109426	18.661971830985916	22.047670639219934	28.41278439869989	0.0
39.0	29.550379198266523	20.395449620801735	20.178764897074757	29.875406283856986	0.0
40.0	29.759003520173298	20.471161657189278	20.57947468183049	29.19036014080693	0.0
41.0	30.00270782561603	20.41700514486867	20.389926888708366	29.19036014080693	0.0
42.0	29.406986190089356	20.444083401028973	21.09396154887625	29.027890603845112	0.027078256160303276
43.0	29.561451001624256	18.760151597184624	22.198159177043856	29.42609637249594	0.05414185165132648
44.0	29.472259810554803	20.4871447902571	20.595399188092017	29.445196211096075	0.0
45.0	28.497970230040597	21.163734776725303	21.921515561569688	28.416779431664413	0.0
46.0	29.139610389610386	20.454545454545457	20.102813852813853	30.303030303030305	0.0
47.0	29.383116883116884	20.50865800865801	21.3474025974026	28.733766233766232	0.027056277056277056
48.0	30.79004329004329	19.913419913419915	20.183982683982684	29.11255411255411	0.0
49.0	29.35606060606061	19.886363636363637	20.265151515151516	30.492424242424242	0.0
50.0	29.9512987012987	20.265151515151516	20.616883116883116	29.166666666666668	0.0
51.0	28.165584415584416	21.23917748917749	19.615800865800868	30.979437229437227	0.0
52.0	29.835001352447932	19.55639707871247	20.043278333784148	30.538274276440358	0.027048958615093318
53.0	28.78787878787879	21.23917748917749	20.914502164502164	29.05844155844156	0.0
54.0	30.151433207138993	20.335316387236343	18.95619253650622	30.55705786911844	0.0
55.0	30.711002973776697	20.005406866720733	20.275750202757504	29.00783995674507	0.0
56.0	29.72972972972973	20.945945945945947	19.72972972972973	29.567567567567565	0.02702702702702703
57.0	28.440118951067856	20.708299540416327	19.78913219789132	31.062449310624494	0.0
58.0	28.791565287915656	20.6271965396053	19.78913219789132	30.792105974587724	0.0
59.0	29.45945945945946	21.945945945945947	19.56756756756757	28.999999999999996	0.02702702702702703
60.0	30.108108108108105	20.405405405405403	20.18918918918919	29.2972972972973	0.0
61.0	28.594594594594597	20.18918918918919	21.594594594594593	29.621621621621625	0.0
62.0	30.108108108108105	20.513513513513512	20.10810810810811	29.243243243243246	0.02702702702702703
63.0	30.486486486486484	21.027027027027025	19.972972972972975	28.513513513513512	0.0
64.0	29.91891891891892	20.513513513513512	20.89189189189189	28.675675675675677	0.0
65.0	29.513513513513512	20.62162162162162	19.864864864864863	29.972972972972972	0.02702702702702703
66.0	28.89189189189189	21.324324324324323	20.56756756756757	29.216216216216218	0.0
67.0	29.935100054083286	20.118983234180636	19.902650081124932	30.01622498647918	0.027041644131963225
68.0	29.421308815575987	21.38994050838291	20.36235803136831	28.826392644672794	0.0
69.0	30.03514463368478	19.518788861854556	20.437956204379564	29.981075966477427	0.027034333603676672
70.0	27.14247093809138	21.005677210056774	21.005677210056774	30.84617464179508	0.0
71.0	28.277912949445792	21.086780210867804	19.816166531495	30.8191403081914	0.0
72.0	29.088942957556096	21.789672884563398	18.734793187347933	30.359556636928897	0.027034333603676672
73.0	28.069226608977825	21.714440237966468	20.55164954029205	29.664683612763653	0.0
74.0	28.061638280616386	20.735333874020007	20.951608542849417	30.251419302514194	0.0
75.0	28.980805623141386	20.978642876453097	19.65396052987294	30.38659097053258	0.0
76.0	29.71073263044066	20.086509867531767	21.032711543660447	29.170045958367126	0.0
77.0	29.39426717144402	19.388858842617633	21.525148729042726	29.69172525689562	0.0
78.0	28.872668288726683	21.49229521492295	20.437956204379564	29.1970802919708	0.0
79.0	28.81859962151933	20.60016220600162	20.30278453636118	30.27845363611787	0.0
80.0	29.06190862395242	19.870235198702353	20.194647201946474	30.765071640984047	0.10813733441470669
81.0	28.034603947012705	21.005677210056774	21.059745877264124	29.899972965666393	0.0
82.0	29.232017306652246	19.14548404542996	20.389399675500268	31.233098972417523	0.0
83.0	29.150892374256355	20.281233098972418	21.416982152514873	29.150892374256355	0.0
84.0	30.375980524749796	20.20557208547471	21.66621585068975	27.50879091154991	0.2434406275358399
85.0	29.862050311063026	20.178523126859616	21.233432512848253	28.725994049229104	0.0
86.0	31.133351365972413	19.98918041655396	20.259670002704897	28.61779821476873	0.0
87.0	30.53001622498648	20.146024878312602	20.930232558139537	28.393726338561386	0.0
88.0	29.3401838831801	20.71389940508383	20.47052460789616	29.475392103839916	0.0
89.0	28.90751757706869	20.930232558139537	20.849107625743645	29.313142239048133	0.0
90.0	29.93234100135318	19.945872801082544	20.054127198917456	30.067658998646817	0.0
91.0	28.497970230040597	20.324763193504737	21.21786197564276	29.959404600811908	0.0
92.0	28.795669824086605	22.056833558863328	20.974289580514206	28.173207036535857	0.0
93.0	29.418132611637347	20.43301759133965	20.027063599458728	30.121786197564276	0.0
94.0	29.553450608930987	20.460081190798377	21.001353179972938	28.985115020297698	0.0
95.0	30.427720628045478	19.24742826204656	20.411478072550082	29.913373037357875	0.0
96.0	30.446549391069013	19.3234100135318	21.434370771312587	28.795669824086605	0.0
97.0	28.50568489442339	20.62804547915539	21.41310232809962	29.453167298321603	0.0
98.0	29.534380075798595	19.112073632918243	21.765024363833245	29.588521927449918	0.0
99.0	29.805089334055225	20.249052517596102	21.30481862479697	28.641039523551704	0.0
100.0	30.68797399783315	21.045503791982664	18.553629469122427	29.712892741061754	0.0
101.0	29.097805472771604	19.561094554321322	20.64481170414522	30.69628826876185	0.0
102.0	29.29539295392954	19.945799457994582	20.243902439024392	30.51490514905149	0.0
103.0	29.38465708864191	19.24640824071564	21.30658715098943	30.06234751965302	0.0
104.0	30.27920845757658	20.30360531309298	20.89997289238276	28.517213336947684	0.0
105.0	29.73705611276769	19.30062347519653	20.628896719978314	30.333423692057472	0.0
106.0	30.124728850325376	19.57700650759219	20.092190889370933	30.2060737527115	0.0
107.0	29.77223427331887	19.739696312364423	21.312364425162688	29.17570498915401	0.0
108.0	29.50108459869848	20.44468546637744	20.526030368763557	29.528199566160517	0.0
109.0	29.33839479392625	20.119305856832973	20.715835140997832	29.826464208242946	0.0
110.0	29.04013015184382	20.797180043383946	20.634490238611715	29.528199566160517	0.0
111.0	28.44360086767896	21.095444685466376	20.14642082429501	30.314533622559654	0.0
112.0	28.408782867985906	20.656004337218757	20.818650040661428	30.116562754133913	0.0
113.0	28.524945770065074	21.33947939262473	20.932754880694144	29.17570498915401	0.027114967462039046
114.0	30.775488069414315	20.77006507592191	20.227765726681127	28.226681127982644	0.0
115.0	30.2060737527115	19.522776572668114	20.526030368763557	29.745119305856832	0.0
116.0	28.893109061313076	20.45577862181226	20.428648941942484	30.1953336950624	0.02712967986977754
117.0	29.09090909090909	20.976933514246948	19.26729986431479	30.664857530529172	0.0
118.0	28.610206297502717	21.226927252985885	20.439739413680783	29.695982627578722	0.02714440825190011
119.0	28.447339847991316	20.03257328990228	20.33116178067318	31.188925081433226	0.0
120.0	29.141770776751763	19.011406844106464	20.80391091797936	29.359043997827268	1.6838674633351438
121.0	28.57142857142857	20.342205323193916	20.28788701792504	28.001086366105376	2.797392721347094
122.0	30.643846780766097	19.587068731323008	20.347731594675363	29.421352893235536	0.0
123.0	29.964683509915783	20.320565063841347	21.026894865525673	28.687856560717194	0.0
124.0	28.004350190320825	21.642196846112014	20.744970092441545	29.581294181620443	0.02718868950516585
125.0	29.46938775510204	21.034013605442176	19.374149659863946	30.068027210884352	0.05442176870748299
126.0	28.862894450489662	19.85854189336235	21.73558215451578	29.488574537540806	0.0544069640914037
127.0	29.4421768707483	20.38095238095238	20.97959183673469	29.142857142857142	0.05442176870748299
128.0	29.43098284780833	20.201470187857336	21.127144023958618	29.13150013612851	0.10890280424720937
129.0	29.757691260549958	20.33759869316635	20.528178600598963	29.29485434249932	0.08167710318540702
130.0	30.201525054466234	19.852941176470587	19.607843137254903	30.25599128540305	0.08169934640522876
131.0	29.68409586056645	20.561002178649236	20.37037037037037	29.302832244008712	0.08169934640522876
132.0	30.754562789430672	20.29419776627622	21.247616453282482	27.62190138926723	0.08172160174339417
133.0	30.97248706074639	21.029692181966766	19.585943884500136	28.33015527104331	0.08172160174339417
134.0	29.809264305177113	20.108991825613078	20.87193460490463	29.12806539509537	0.08174386920980926
135.0	29.525627044711012	19.22028353326063	20.828789531079607	30.31624863685932	0.10905125408942204
136.0	28.361058085628578	20.56176711208072	20.889010089991817	30.106353967821107	0.08181074447777476
137.0	29.759956355701036	20.894708128750683	19.50354609929078	29.732678668848884	0.10911074740861974
138.0	28.411572052401745	20.41484716157205	20.851528384279476	30.21288209606987	0.10917030567685589
139.0	28.918623702894592	20.316766794101586	20.289459311851445	30.33861277990169	0.1365374112506827
140.0	28.919288645690834	21.06703146374829	19.616963064295486	30.287277701778386	0.1094391244870041
141.0	29.65498357064622	20.153340635268346	19.98904709748083	30.093099671412926	0.10952902519167579
142.0	29.769736842105267	20.751096491228072	19.846491228070175	29.523026315789476	0.10964912280701754
143.0	29.38271604938272	21.289437585733882	19.91769547325103	29.300411522633745	0.10973936899862827
144.0	28.477366255144034	20.54869684499314	20.603566529492458	30.260631001371742	0.10973936899862827
145.0	28.669598680593733	19.873556899395272	20.72567344694887	30.621220450797143	0.10995052226498077
146.0	28.68942731277533	20.56718061674009	20.622246696035244	30.011013215859027	0.11013215859030838
147.0	29.071369523284652	20.74951777349132	19.75750895563516	30.311380545604848	0.11022320198401765
148.0	29.765517241379307	19.69655172413793	20.49655172413793	29.931034482758623	0.1103448275862069
149.0	29.46206896551724	19.834482758620688	21.6	28.993103448275864	0.1103448275862069
