#Position (bp)	Coverage	Std
4090112.5	0.0	0.0
1.22703365E7	0.0	0.0
2.04505605E7	0.0	0.0
2.86307845E7	0.0	0.0
3.68110085E7	0.0	0.0
4.49912325E7	0.0	0.0
5.31714565E7	0.0	0.0
6.13516805E7	0.0	0.0
6.95319045E7	0.0	0.0
7.77121285E7	0.0	0.0
8.58923525E7	0.0	0.0
9.40725765E7	0.0	0.0
1.022528005E8	0.0	0.0
1.104330245E8	0.0	0.0
1.186132485E8	0.0	0.0
1.267934725E8	0.0	0.0
1.349736965E8	0.0	0.0
1.431539205E8	0.0	0.0
1.513341445E8	0.0	0.0
1.595143685E8	0.0	0.0
1.676945925E8	0.0	0.0
1.758748165E8	0.0	0.0
1.840550405E8	0.0	0.0
1.922352645E8	0.0	0.0
2.004154885E8	0.0	0.0
2.085957125E8	0.0	0.0
2.167759365E8	0.0	0.0
2.249561605E8	0.0	0.0
2.331363845E8	0.0	0.0
2.413166085E8	0.0	0.0
2.471815715E8	0.0	0.0
2.4904395E8	0.0	0.0
2.491474935E8	0.0	0.0
2.492273505E8	0.0	0.0
2.493246215E8	0.0	0.0
2.493781395E8	0.0	0.0
2.494193325E8	0.0	0.0
2.49528459E8	0.0	0.0
2.49636853E8	0.0	0.0
2.49678084E8	0.0	0.0
2.516429435E8	0.0	0.0
2.576770565E8	0.0	0.0
2.658572805E8	0.0	0.0
2.740375045E8	0.0	0.0
2.822177285E8	0.0	0.0
2.903979525E8	0.0	0.0
2.985781765E8	0.0	0.0
3.067584005E8	0.0	0.0
3.149386245E8	0.0	0.0
3.231188485E8	0.0	0.0
3.312990725E8	0.0	0.0
3.394792965E8	0.0	0.0
3.476595205E8	0.0	0.0
3.558397445E8	0.0	0.0
3.640199685E8	0.0	0.0
3.722001925E8	0.0	0.0
3.803804165E8	0.0	0.0
3.885606405E8	0.0	0.0
3.967408645E8	0.0	0.0
4.049210885E8	0.0	0.0
4.131013125E8	0.0	0.0
4.212815365E8	0.0	0.0
4.294617605E8	0.0	0.0
4.376419845E8	0.0	0.0
4.458222085E8	0.0	0.0
4.540024325E8	0.0	0.0
4.621826565E8	0.0	0.0
4.703628805E8	0.0	0.0
4.785431045E8	0.0	0.0
4.867233285E8	0.0	0.0
4.91352956E8	0.0	0.0
4.91973207E8	0.0	0.0
4.92130842E8	0.0	0.0
4.95600703E8	0.0	0.0
5.030837765E8	0.0	0.0
5.112640005E8	0.0	0.0
5.194442245E8	0.0	0.0
5.276244485E8	0.0	0.0
5.358046725E8	0.0	0.0
5.439848965E8	0.0	0.0
5.521651205E8	0.0	0.0
5.603453445E8	0.0	0.0
5.685255685E8	0.0	0.0
5.767057925E8	0.0	0.0
5.848860165E8	0.0	0.0
5.930662405E8	0.0	0.0
6.012464645E8	0.0	0.0
6.094266885E8	0.0	0.0
6.176069125E8	6.112302059210115E-6	0.002472307031743856
6.257871365E8	0.0	0.0
6.339673605E8	0.0	0.0
6.421475845E8	0.0	0.0
6.503278085E8	0.0	0.0
6.585080325E8	0.0	0.0
6.666882565E8	0.0	0.0
6.748684805E8	0.0	0.0
6.830487045E8	0.0	0.0
6.888210585E8	0.0	0.0
6.90580999E8	0.0	0.0
6.92988869E8	0.0	0.0
6.994091525E8	0.0	0.0
7.075893765E8	0.0	0.0
7.157696005E8	0.0	0.0
7.239498245E8	0.0	0.0
7.321300485E8	0.0	0.0
7.403102725E8	0.0	0.0
7.484904965E8	0.0	0.0
7.566707205E8	0.0	0.0
7.648509445E8	0.0	0.0
7.730311685E8	0.0	0.0
7.812113925E8	0.0	0.0
7.893916165E8	0.0	0.0
7.975718405E8	0.0	0.0
8.057520645E8	0.0	0.0
8.139322885E8	0.0	0.0
8.221125125E8	0.0	0.0
8.302927365E8	0.0	0.0
8.384729605E8	0.0	0.0
8.466531845E8	0.0	0.0
8.548334085E8	0.0	0.0
8.630136325E8	0.0	0.0
8.711938565E8	0.0	0.0
8.780786105E8	0.0	0.0
8.80978107E8	0.0	0.0
8.82273577E8	0.0	0.0
8.875543045E8	0.0	0.0
8.957345285E8	0.0	0.0
9.039147525E8	0.0	0.0
9.120949765E8	0.0	0.0
9.202752005E8	0.0	0.0
9.284554245E8	0.0	0.0
9.366356485E8	0.0	0.0
9.448158725E8	0.0	0.0
9.529960965E8	0.0	0.0
9.611763205E8	0.0	0.0
9.693565445E8	0.0	0.0
9.775367685E8	0.0	0.0
9.857169925E8	0.0	0.0
9.938972165E8	0.0	0.0
1.0020774405E9	0.0	0.0
1.0102576645E9	0.0	0.0
1.0184378885E9	0.0	0.0
1.0266181125E9	0.0	0.0
1.0347983365E9	0.0	0.0
1.0429785605E9	0.0	0.0
1.0511587845E9	0.0	0.0
1.0589350585E9	0.0	0.0
1.062667565E9	0.0	0.0
1.063071515E9	0.0	0.0
1.0675192325E9	0.0	0.0
1.0756994565E9	0.0	0.0
1.0838796805E9	0.0	0.0
1.0920599045E9	0.0	0.0
1.1002401285E9	0.0	0.0
1.1084203525E9	0.0	0.0
1.1166005765E9	0.0	0.0
1.1247808005E9	0.0	0.0
1.1329610245E9	0.0	0.0
1.1411412485E9	0.0	0.0
1.1493214725E9	0.0	0.0
1.1575016965E9	0.0	0.0
1.1656819205E9	0.0	0.0
1.1738621445E9	0.0	0.0
1.1820423685E9	0.0	0.0
1.1902225925E9	0.0	0.0
1.1984028165E9	0.0	0.0
1.2065830405E9	0.0	0.0
1.2147632645E9	0.0	0.0
1.2229434885E9	0.0	0.0
1.2302767445E9	0.0	0.0
1.2343668565E9	0.0	0.0
1.2393039365E9	0.0	0.0
1.2474841605E9	0.0	0.0
1.2556643845E9	0.0	0.0
1.2638446085E9	0.0	0.0
1.2720248325E9	0.0	0.0
1.2802050565E9	0.0	0.0
1.2883852805E9	0.0	0.0
1.2965655045E9	0.0	0.0
1.3047457285E9	0.0	0.0
1.3129259525E9	0.0	0.0
1.3211061765E9	0.0	0.0
1.3292864005E9	0.0	0.0
1.3374666245E9	0.0	0.0
1.3456468485E9	0.0	0.0
1.3538270725E9	0.0	0.0
1.3620072965E9	0.0	0.0
1.3701875205E9	0.0	0.0
1.3783677445E9	0.0	0.0
1.3865479685E9	0.0	0.0
1.391751971E9	0.0	0.0
1.395842083E9	0.0	0.0
1.4029084165E9	0.0	0.0
1.4110886405E9	0.0	0.0
1.4192688645E9	0.0	0.0
1.4274490885E9	0.0	0.0
1.4356293125E9	0.0	0.0
1.4438095365E9	0.0	0.0
1.4519897605E9	0.0	0.0
1.4601699845E9	0.0	0.0
1.4683502085E9	0.0	0.0
1.4765304325E9	0.0	0.0
1.4847106565E9	0.0	0.0
1.4928908805E9	0.0	0.0
1.5010711045E9	0.0	0.0
1.5092513285E9	0.0	0.0
1.5174315525E9	0.0	0.0
1.5256117765E9	0.0	0.0
1.5337920005E9	0.0	0.0
1.537943305E9	0.0	0.0
1.542033417E9	0.0	0.0
1.5501524485E9	0.0	0.0
1.5583326725E9	0.0	0.0
1.5665128965E9	0.0	0.0
1.5746931205E9	0.0	0.0
1.5828733445E9	0.0	0.0
1.5910535685E9	0.0	0.0
1.5992337925E9	0.0	0.0
1.6074140165E9	0.0	0.0
1.6155942405E9	0.0	0.0
1.6237744645E9	0.0	0.0
1.6319546885E9	0.0	0.0
1.6401349125E9	0.0	0.0
1.6483151365E9	0.0	0.0
1.6564953605E9	0.0	0.0
1.6646755845E9	0.0	0.0
1.6725824555E9	0.0	0.0
1.6764192455E9	0.0	0.0
1.6764583035E9	0.0	0.0
1.676565753E9	0.0	0.0
1.6766737005E9	0.0	0.0
1.676819573E9	0.0	0.0
1.6810360325E9	0.0	0.0
1.6892162565E9	0.0	0.0
1.6973964805E9	0.0	0.0
1.7055767045E9	0.0	0.0
1.7137569285E9	0.0	0.0
1.7219371525E9	0.0	0.0
1.7301173765E9	0.0	0.0
1.7382976005E9	0.0	0.0
1.7464778245E9	0.0	0.0
1.7546580485E9	0.0	0.0
1.7628382725E9	0.0	0.0
1.7710184965E9	0.0	0.0
1.7791987205E9	0.0	0.0
1.7873789445E9	0.0	0.0
1.7955591685E9	0.0	0.0
1.8037393925E9	0.0	0.0
1.809160076E9	0.0	0.0
1.813250188E9	0.0	0.0
1.8200998405E9	0.0	0.0
1.8282800645E9	0.0	0.0
1.8364602885E9	0.0	0.0
1.8446405125E9	0.0	0.0
1.8528207365E9	0.0	0.0
1.8610009605E9	0.0	0.0
1.8691811845E9	0.0	0.0
1.8773614085E9	0.0	0.0
1.8855416325E9	0.0	0.0
1.8937218565E9	0.0	0.0
1.9019020805E9	0.0	0.0
1.9100823045E9	0.0	0.0
1.9182625285E9	0.0	0.0
1.9264427525E9	0.0	0.0
1.9346229765E9	0.0	0.0
1.942145179E9	0.0	0.0
1.9456274275E9	0.0	0.0
1.946285449E9	0.0	0.0
1.9509834245E9	0.0	0.0
1.9591636485E9	0.0	0.0
1.9673438725E9	0.0	0.0
1.9755240965E9	0.0	0.0
1.9837043205E9	0.0	0.0
1.9918845445E9	0.0	0.0
2.0000647685E9	0.0	0.0
2.0082449925E9	0.0	0.0
2.0164252165E9	0.0	0.0
2.0246054405E9	0.0	0.0
2.0327856645E9	0.0	0.0
2.0409658885E9	0.0	0.0
2.0491461125E9	0.0	0.0
2.0573263365E9	0.0	0.0
2.0655065605E9	0.0	0.0
2.0736867845E9	0.0	0.0
2.0783648955E9	0.0	0.0
2.0824550075E9	0.0	0.0
2.0900472325E9	0.0	0.0
2.0982274565E9	0.0	0.0
2.1064076805E9	0.0	0.0
2.1145879045E9	0.0	0.0
2.1227681285E9	0.0	0.0
2.1309483525E9	0.0	0.0
2.1391285765E9	0.0	0.0
2.1473088005E9	0.0	0.0
2.1554890245E9	0.0	0.0
2.1636692485E9	0.0	0.0
2.1718494725E9	0.0	0.0
2.1800296965E9	0.0	0.0
2.1882099205E9	0.0	0.0
2.1928086275E9	0.0	0.0
2.1968987395E9	0.0	0.0
2.2045703685E9	0.0	0.0
2.2127505925E9	0.0	0.0
2.2209308165E9	0.0	0.0
2.2291110405E9	0.0	0.0
2.2372912645E9	0.0	0.0
2.2454714885E9	0.0	0.0
2.2536517125E9	0.0	0.0
2.2618319365E9	0.0	0.0
2.2700121605E9	0.0	0.0
2.2781923845E9	0.0	0.0
2.2863726085E9	0.0	0.0
2.2945528325E9	0.0	0.0
2.2995019425E9	0.0	0.0
2.300461795E9	0.0	0.0
2.300668236E9	0.0	0.0
2.3008708475E9	0.0	0.0
2.301063607E9	0.0	0.0
2.301178399E9	0.0	0.0
2.301217234E9	0.0	0.0
2.3013234165E9	0.0	0.0
2.301431691E9	0.0	0.0
2.3041383645E9	0.0	0.0
2.3109132805E9	0.0	0.0
2.3190935045E9	0.0	0.0
2.3272737285E9	0.0	0.0
2.3354539525E9	0.0	0.0
2.3436341765E9	0.0	0.0
2.3518144005E9	0.0	0.0
2.3599946245E9	0.0	0.0
2.3681748485E9	0.0	0.0
2.3763550725E9	0.0	0.0
2.3845352965E9	0.0	0.0
2.3927155205E9	0.0	0.0
2.400125191E9	0.0	0.0
2.4036688735E9	0.0	0.0
2.404439427E9	0.0	0.0
2.4090759685E9	0.0	0.0
2.4172561925E9	0.0	0.0
2.4254364165E9	0.0	0.0
2.4336166405E9	0.0	0.0
2.4417968645E9	0.0	0.0
2.4499770885E9	0.0	0.0
2.4581573125E9	0.0	0.0
2.4663375365E9	0.0	0.0
2.4745177605E9	0.0	0.0
2.4826979845E9	0.0	0.0
2.4905097195E9	0.0	0.0
2.4945998315E9	0.0	0.0
2.495536211E9	0.0	0.0
2.499626323E9	0.0	0.0
2.5072386565E9	0.0	0.0
2.5154188805E9	0.0	0.0
2.5235991045E9	0.0	0.0
2.5317793285E9	0.0	0.0
2.5399595525E9	0.0	0.0
2.5481397765E9	0.0	0.0
2.5563200005E9	0.0	0.0
2.5645002245E9	0.0	0.0
2.5726804485E9	0.0	0.0
2.5780660515E9	0.0	0.0
2.579454338E9	0.0	0.0
2.579687553E9	0.0	0.0
2.579884248E9	0.0	0.0
2.582445654E9	0.0	0.0
2.5890408965E9	0.0	0.0
2.5972211205E9	0.0	0.0
2.6054013445E9	0.0	0.0
2.6135815685E9	0.0	0.0
2.6217617925E9	0.0	0.0
2.6299420165E9	0.0	0.0
2.6381222405E9	0.0	0.0
2.6463024645E9	0.0	0.0
2.6544826885E9	0.0	0.0
2.6594433045E9	0.0	0.0
2.6635334165E9	0.0	0.0
2.6708431365E9	0.0	0.0
2.6790233605E9	0.0	0.0
2.6872035845E9	0.0	0.0
2.6953838085E9	0.0	0.0
2.7035640325E9	0.0	0.0
2.7117442565E9	0.0	0.0
2.7173828965E9	0.0	0.0
2.7214730085E9	0.0	0.0
2.7281047045E9	0.0	0.0
2.7362849285E9	0.0	0.0
2.7444651525E9	0.0	0.0
2.7526453765E9	0.0	0.0
2.7608256005E9	0.0	0.0
2.7690058245E9	0.0	0.0
2.7771860485E9	0.0	0.0
2.782325876E9	0.0	0.0
2.786415988E9	0.0	0.0
2.7935464965E9	0.0	0.0
2.8017267205E9	0.0	0.0
2.8099069445E9	0.0	0.0
2.8180871685E9	0.0	0.0
2.8261314275E9	0.0	0.0
2.8302215395E9	0.0	0.0
2.8344476165E9	0.0	0.0
2.8426278405E9	0.0	0.0
2.8508080645E9	0.0	0.0
2.8589882885E9	0.0	0.0
2.8671685125E9	0.0	0.0
2.8753487365E9	0.0	0.0
2.8801714455E9	0.0	0.0
2.8809794195E9	0.0	0.0
2.881075568E9	0.0	0.0
2.8811862255E9	0.0	0.0
2.8813586365E9	0.0	0.0
2.881462567E9	0.0	0.0
2.8815749325E9	0.0	0.0
2.8817178115E9	0.0	0.0
2.881819418E9	0.0	0.0
2.881906098E9	0.0	0.0
2.8847810815E9	0.0	0.0
2.8917091845E9	0.0	0.0
2.8998894085E9	0.0	0.0
2.9080696325E9	0.0	0.0
2.9162498565E9	0.0	0.0
2.9244300805E9	0.0	0.0
2.9326103045E9	0.0	0.0
2.9407905285E9	0.0	0.0
2.9489707525E9	0.0	0.0
2.9571509765E9	0.0	0.0
2.9653312005E9	0.0	0.0
2.9735114245E9	0.0	0.0
2.9816916485E9	0.0	0.0
2.9898718725E9	0.0	0.0
2.9980520965E9	0.0	0.0
3.0062323205E9	0.0	0.0
3.0144125445E9	0.0	0.0
3.0225927685E9	0.0	0.0
3.0307729925E9	0.0	0.0
3.036423545E9	0.0	0.0
3.040513657E9	0.0	0.0
3.0471334405E9	0.0	0.0
3.0553136645E9	0.0	0.0
3.0634938885E9	0.0	0.0
3.0716741125E9	0.0	0.0
3.0798543365E9	0.0	0.0
3.0880345605E9	0.0	0.0
3.0936680365E9	0.0	0.0
3.0952300205E9	0.0	0.0
3.0952497775E9	0.0	0.0
3.095251997E9	0.0	0.0
3.0952540505E9	0.0	0.0
3.0952557575E9	0.0	0.0
3.0952672315E9	0.0	0.0
3.0952801775E9	0.0	0.0
3.095282986E9	0.0	0.0
3.0952843085E9	0.0	0.0
3.0952861685E9	0.0	0.0
3.0952878055E9	0.0	0.0
3.095294504E9	0.0	0.0
3.0953195485E9	0.0	0.0
3.095338983E9	0.0	0.0
3.0953408955E9	0.0	0.0
3.095343463E9	0.0	0.0
3.095345222E9	0.0	0.0
3.095346809E9	0.0	0.0
3.095349042E9	0.0	0.0
3.0953512725E9	0.0	0.0
3.095353364E9	0.0	0.0
3.095355108E9	0.0	0.0
3.095356321E9	0.0	0.0
3.0953577535E9	0.0	0.0
3.095359376E9	0.0	0.0
3.095556087E9	0.0	0.0
3.095752734E9	0.0	0.0
3.0957542375E9	0.0	0.0
3.0957570845E9	0.0	0.0
3.095805536E9	0.0	0.0
3.09590828E9	0.0	0.0
3.09596656E9	0.0	0.0
3.095969795E9	0.0	0.0
3.0959721615E9	0.0	0.0
3.0959744135E9	0.0	0.0
3.095976482E9	0.0	0.0
3.0959781075E9	0.0	0.0
3.095990102E9	0.0	0.0
3.0960705095E9	0.0	0.0
3.0961424095E9	0.0	0.0
3.09614931E9	0.0	0.0
3.096156554E9	0.0	0.0
3.096162411E9	0.0	0.0
3.096166714E9	0.0	0.0
3.09616929E9	0.0	0.0
3.096171731E9	0.0	0.0
3.0961743065E9	0.0	0.0
3.096175887E9	0.0	0.0
3.096222038E9	0.0	0.0
3.0962682935E9	0.0	0.0
3.096269694E9	0.0	0.0
3.0962711935E9	0.0	0.0
3.096273378E9	0.0	0.0
3.096275639E9	0.0	0.0
3.0962799385E9	0.0	0.0
3.096298978E9	0.0	0.0
3.0963367315E9	0.0	0.0
3.096361311E9	0.0	0.0
3.09636591E9	0.0	0.0
3.0963714185E9	0.0	0.0
3.0963777495E9	0.0	0.0
3.096382349E9	0.0	0.0
3.0963867675E9	0.0	0.0
3.0963904915E9	0.0	0.0
3.0963918375E9	0.0	0.0
3.0963930415E9	0.0	0.0
3.096395075E9	0.0	0.0
3.0963969485E9	0.0	0.0
3.0963981865E9	0.0	0.0
3.0963996145E9	0.0	0.0
3.0964008415E9	0.0	0.0
3.096401915E9	0.0	0.0
3.096403377E9	0.0	0.0
3.096405706E9	0.0	0.0
3.0964088985E9	0.0	0.0
3.0964148235E9	0.0	0.0
3.0964195075E9	0.0	0.0
3.096420554E9	0.0	0.0
3.0964217255E9	0.0	0.0
3.096423568E9	0.0	0.0
3.09642553E9	0.0	0.0
3.09642687E9	0.0	0.0
3.0964283815E9	0.0	0.0
3.0964299295E9	0.0	0.0
3.0964310225E9	0.0	0.0
3.0964324015E9	0.0	0.0
3.0964340375E9	0.0	0.0
3.0964356545E9	0.0	0.0
3.0964371835E9	0.0	0.0
3.0964386665E9	0.0	0.0
3.096439981E9	0.0	0.0
3.0964414315E9	0.0	0.0
3.0964428915E9	0.0	0.0
3.096445494E9	0.0	0.0
3.0964481695E9	0.0	0.0
3.0964500655E9	0.0	0.0
3.0964522185E9	0.0	0.0
3.096453769E9	0.0	0.0
3.0964556835E9	0.0	0.0
3.096458275E9	0.0	0.0
3.0964636735E9	0.0	0.0
3.0964714905E9	0.0	0.0
3.0965667595E9	0.0	0.0
3.0967478065E9	0.0	0.0
3.0969183065E9	0.0	0.0
3.097089054E9	0.0	0.0
3.0972576165E9	0.0	0.0
3.0973438365E9	0.0	0.0
3.09743346E9	0.0	0.0
3.0976209085E9	0.0	0.0
3.0978104735E9	0.0	0.0
3.097915655E9	0.0	0.0
3.0979698435E9	0.0	0.0
3.098102454E9	0.0	0.0
3.098248482E9	0.0	0.0
3.098374522E9	0.0	0.0
3.0985283265E9	0.0	0.0
3.0986781225E9	0.0	0.0
3.0987849655E9	0.0	0.0
3.098836533E9	0.0	0.0
3.09887499E9	0.0	0.0
3.0989331465E9	0.0	0.0
3.099008567E9	0.0	0.0
3.0991130515E9	0.0	0.0
3.09927528E9	0.0	0.0
3.0994569535E9	0.0	0.0
3.099625831E9	0.0	0.0
3.099939976E9	0.0	0.0
3.100239222E9	0.0	0.0
3.1003785515E9	0.0	0.0
3.1006049775E9	0.0	0.0
3.1009327175E9	0.0	0.0
3.1011907865E9	0.0	0.0
3.1013569545E9	0.0	0.0
3.1014625E9	0.0	0.0
3.1015782245E9	0.0	0.0
3.101741649E9	0.0	0.0
3.101882336E9	0.0	0.0
3.1022283555E9	0.0	0.0
3.1025648765E9	0.0	0.0
3.1028559375E9	0.0	0.0
3.103251003E9	0.0	0.0
3.103522121E9	0.0	0.0
3.103670245E9	0.0	0.0
3.103952889E9	0.0	0.0
3.1042843405E9	0.0	0.0
3.1046427135E9	0.0	0.0
3.104980438E9	0.0	0.0
3.105233368E9	0.0	0.0
3.105489105E9	0.0	0.0
3.105666167E9	0.0	0.0
3.1059760685E9	0.0	0.0
3.1064074795E9	0.0	0.0
3.106819913E9	0.0	0.0
3.1072144165E9	0.0	0.0
3.107529792E9	0.0	0.0
3.107725438E9	0.0	0.0
3.1078962215E9	0.0	0.0
3.10813207E9	0.0	0.0
3.108337823E9	0.0	0.0
3.1084378535E9	0.0	0.0
3.108535385E9	0.0	0.0
3.108737092E9	0.0	0.0
3.1089874105E9	0.0	0.0
3.109168307E9	0.007315244359641797	0.15774670486800935
3.1093681945E9	0.0	0.0
3.1095743985E9	0.0	0.0
3.1097081965E9	0.0	0.0
3.1097803955E9	0.0	0.0
3.109869908E9	0.0	0.0
3.1101032155E9	0.0	0.0
3.110411803E9	0.0	0.0
3.110631732E9	0.0	0.0
3.1108318625E9	0.0	0.0
3.111160456E9	0.0	0.0
3.1114860105E9	0.0	0.0
3.111703931E9	0.0	0.0
3.111874628E9	0.0	0.0
3.112012165E9	0.0	0.0
3.112262819E9	0.0	0.0
3.1124889075E9	0.0	0.0
3.112870415E9	0.0	0.0
3.1133283425E9	0.0	0.0
3.113490898E9	0.0	0.0
3.1136924305E9	0.0	0.0
3.1139869705E9	0.29663846755860324	2.366877551326474
3.1142439935E9	0.0	0.0
3.114436565E9	0.004303327189138402	0.08962632102080849
3.114542911E9	0.0	0.0
3.114706923E9	0.0	0.0
3.11492058E9	0.022381269740082872	0.4671095174840858
3.115077922E9	0.008253065876773916	0.1667504896074452
3.11538312E9	0.0	0.0
3.1159120815E9	0.0	0.0
3.116436127E9	0.0	0.0
3.116776458E9	0.0	0.0
3.1169775375E9	0.0	0.0
3.1202512675E9	0.0	0.0
3.1235679695E9	0.0	0.0
3.1237794065E9	0.0	0.0
3.1239094415E9	0.0	0.0
3.1240435375E9	0.0	0.0
3.1242080385E9	0.0	0.0
3.124357029E9	0.0	0.0
3.1245891605E9	0.0	0.0
3.1247669465E9	0.0	0.0
3.1248126095E9	0.0	0.0
3.125040091E9	0.0	0.0
3.1254446955E9	0.0	0.0
3.1258012495E9	0.0	0.0
3.126040475E9	0.0	0.0
3.126272127E9	0.01294110447557029	0.3116601971060317
3.126543298E9	0.0	0.0
3.1267182125E9	0.0	0.0
3.126768028E9	0.0	0.0
3.1268736715E9	0.0	0.0
3.1271072025E9	0.0	0.0
3.1273440395E9	0.0	0.0
3.1275312795E9	0.0	0.0
3.1277565655E9	0.0	0.0
3.1280490095E9	0.0	0.0
3.12827207E9	0.0	0.0
3.128433092E9	0.0	0.0
3.128632213E9	0.0	0.0
3.12882346E9	0.0	0.0
3.129056988E9	0.0	0.0
3.1292987855E9	0.0	0.0
3.129412393E9	0.0	0.0
3.129489459E9	0.0	0.0
3.129598558E9	0.0	0.0
3.1301766385E9	0.0	0.0
3.130796323E9	0.0	0.0
3.1311631075E9	0.0	0.0
3.131539315E9	0.0	0.0
3.1317324075E9	0.0	0.0
3.1319776165E9	0.0	0.0
3.132167766E9	0.0	0.0
3.132243377E9	0.0	0.0
3.132363713E9	0.0	0.0
3.1325895665E9	0.0	0.0
3.1328820715E9	0.0	0.0
3.1330870275E9	0.0	0.0
3.1333266455E9	0.0	0.0
3.1335891015E9	0.0	0.0
3.133676829E9	0.0	0.0
3.133698211E9	0.0	0.0
3.1337903195E9	0.0	0.0
3.1339264405E9	0.0	0.0
3.1340676525E9	0.3426426917656533	2.2617039508798245
3.1341798215E9	0.007829464476863321	0.1009178903319172
3.1343156785E9	0.0	0.0
3.13461843E9	6.53835458924854E-4	0.025570206470125617
3.1351634875E9	0.0	0.0
3.1356410675E9	0.0	0.0
3.1358590805E9	0.0	0.0
3.1384444605E9	0.0	0.0
3.141074979E9	6.448535724506343E-4	0.02539396724520677
3.1412732365E9	0.0	0.0
3.144090681E9	0.0	0.0
3.1480235875E9	0.0	0.0
3.149296255E9	0.0	0.0
3.149480887E9	0.0	0.0
3.149624415E9	0.0	0.0
3.1497028045E9	0.0	0.0
3.14997252E9	0.0	0.0
3.151176285E9	0.0	0.0
3.152275326E9	0.0	0.0
3.152544541E9	0.0	0.0
3.152717577E9	0.0	0.0
3.1528414495E9	0.0	0.0
3.153066977E9	0.009233148528478037	0.21606393010263036
3.1532768905E9	0.0	0.0
3.153423206E9	0.0	0.0
3.1536387135E9	0.0	0.0
3.153900307E9	0.0	0.0
3.154082131E9	0.0	0.0
3.154168855E9	0.0	0.0
3.1542787955E9	0.0	0.0
3.154462939E9	0.0	0.0
3.154680911E9	0.0	0.0
3.155000026E9	0.0	0.0
3.1552502545E9	0.0	0.0
3.155543372E9	0.0	0.0
3.155992649E9	0.0	0.0
3.156380802E9	0.0	0.0
3.1566482235E9	0.0	0.0
3.1568152895E9	0.0	0.0
3.156984458E9	0.0	0.0
3.1572152845E9	0.0	0.0
3.157464255E9	0.0	0.0
3.157584784E9	0.0	0.0
3.157682746E9	0.0	0.0
3.157851487E9	0.0	0.0
3.158023942E9	0.0	0.0
3.158157221E9	0.0	0.0
3.158287691E9	0.0	0.0
3.1584797975E9	0.0	0.0
3.158641633E9	0.0	0.0
3.158777541E9	0.0	0.0
3.158936018E9	0.0	0.0
3.159087346E9	0.0	0.0
3.159425571E9	0.0	0.0
3.1598914975E9	0.0	0.0
3.160328333E9	0.0	0.0
3.1606372655E9	0.0	0.0
3.1607935115E9	0.0	0.0
3.160958851E9	0.0	0.0
3.161122739E9	0.0	0.0
3.1612718335E9	0.0	0.0
3.161350562E9	0.0	0.0
3.161407228E9	0.0	0.0
3.1615517485E9	0.0	0.0
3.161654468E9	0.0	0.0
3.1616775975E9	0.0	0.0
3.1617261055E9	0.0	0.0
3.1619617655E9	0.0	0.0
3.1621706685E9	0.0	0.0
3.1622021925E9	0.0	0.0
3.1623312385E9	0.0	0.0
3.1624866745E9	0.0	0.0
3.1627144715E9	0.0	0.0
3.163019829E9	0.0	0.0
3.1632027285E9	0.0	0.0
3.163350135E9	0.0	0.0
3.163533997E9	0.0	0.0
3.1636803505E9	0.0	0.0
3.1639187745E9	0.0	0.0
3.1641271935E9	0.0	0.0
3.1646081515E9	0.0	0.0
3.165276781E9	0.0	0.0
3.1655724985E9	0.0	0.0
3.165701052E9	0.0	0.0
3.165769172E9	0.0	0.0
3.165827099E9	0.0	0.0
3.165974355E9	0.0	0.0
3.1661464755E9	0.0	0.0
3.1662784785E9	0.0	0.0
3.166416694E9	0.0	0.0
3.166552224E9	0.0	0.0
3.166676431E9	0.0	0.0
3.166786678E9	0.0	0.0
3.166889793E9	0.0	0.0
3.166999769E9	0.0	0.0
3.1671487625E9	0.0	0.0
3.1673166345E9	0.0	0.0
3.167483999E9	0.0	0.0
3.167625168E9	0.0	0.0
3.1677918155E9	0.0	0.0
3.167994205E9	0.0	0.0
3.168171365E9	0.0	0.0
3.1683823155E9	0.0	0.0
3.1685629585E9	0.0	0.0
3.1687221315E9	0.0	0.0
3.168906002E9	0.0	0.0
3.1690794185E9	0.0	0.0
3.1692817435E9	0.0	0.0
3.16957996E9	0.0	0.0
3.169824025E9	0.0	0.0
3.1701732345E9	0.0	0.0
3.170545955E9	0.0	0.0
3.1707077055E9	0.0	0.0
3.1708499295E9	0.0	0.0
3.1710128575E9	0.0	0.0
3.1712378775E9	0.0	0.0
3.1714229935E9	0.0	0.0
3.171575583E9	0.0	0.0
3.1717629595E9	0.0	0.0
3.1719021785E9	0.0	0.0
3.1720569685E9	0.0	0.0
3.1722526735E9	0.0	0.0
3.1731309325E9	0.0	0.0
3.1739373965E9	0.0	0.0
3.173998501E9	0.0	0.0
3.1741354755E9	0.0	0.0
3.174308559E9	0.0	0.0
3.1744612345E9	0.0	0.0
3.1768633675E9	0.0	0.0
3.1792874585E9	0.0	0.0
3.1794514365E9	0.0	0.0
3.1795898785E9	0.0	0.0
3.1800874865E9	0.0	0.0
3.180560229E9	0.0	0.0
3.180690643E9	0.0	0.0
3.1808823225E9	0.0	0.0
3.1811169815E9	0.0	0.0
3.1813318485E9	0.0	0.0
3.1815156175E9	0.0	0.0
3.1816994935E9	0.0	0.0
3.181838168E9	0.0	0.0
3.182002448E9	0.0	0.0
3.182558233E9	0.0	0.0
3.183145057E9	0.0	0.0
3.1833440015E9	0.0	0.0
3.1835122125E9	0.0	0.0
3.1836900095E9	0.0	0.0
3.1839041805E9	0.0	0.0
3.1841917665E9	0.0	0.0
3.1848307375E9	0.0	0.0
3.1854736055E9	0.0	0.0
3.1859359665E9	0.0	0.0
3.1863191185E9	0.0	0.0
3.186577232E9	0.0	0.0
3.186831207E9	0.0	0.0
3.1869162945E9	0.0	0.0
3.187014106E9	0.0	0.0
3.187246518E9	0.0	0.0
3.1874655605E9	0.0	0.0
3.1876131765E9	0.0	0.0
3.187730446E9	0.0	0.0
3.1878518645E9	0.0	0.0
3.1879675235E9	0.0	0.0
3.1882170805E9	0.0	0.0
3.1885262485E9	0.0	0.0
3.1887066235E9	0.0	0.0
3.1889522725E9	0.0	0.0
3.189201331E9	0.0	0.0
3.189400555E9	0.0	0.0
3.1895941675E9	0.0	0.0
3.189831161E9	0.0	0.0
3.190081638E9	0.0	0.0
3.190235514E9	0.0	0.0
3.1903127175E9	0.0	0.0
3.1904385735E9	0.0	0.0
3.190634777E9	0.0	0.0
3.190764335E9	0.0	0.0
3.190891273E9	0.0	0.0
3.191068014E9	0.0	0.0
3.191355806E9	0.0	0.0
3.1915799865E9	0.0	0.0
3.1916604335E9	0.0	0.0
3.191839905E9	0.0	0.0
3.1920435635E9	0.0	0.0
3.19219748E9	0.0	0.0
3.1923432445E9	0.0	0.0
3.1924794305E9	0.0	0.0
3.192631339E9	0.0	0.0
3.192761529E9	0.0	0.0
3.1928276265E9	0.0	0.0
3.1929515355E9	0.0	0.0
3.1931375305E9	0.0	0.0
3.1932795995E9	0.0	0.0
3.1934160825E9	0.0	0.0
3.193654106E9	0.0	0.0
3.193826206E9	0.0	0.0
3.1940059325E9	0.0	0.0
3.194922571E9	0.0	0.0
3.195768478E9	0.0	0.0
3.196534526E9	0.0	0.0
3.197449722E9	0.0	0.0
3.1978207485E9	0.0	0.0
3.1981159665E9	0.0	0.0
3.198373621E9	0.0	0.0
3.1985218845E9	0.0	0.0
3.198698643E9	0.0	0.0
3.199015488E9	0.0	0.0
3.1994253145E9	0.0	0.0
3.199707851E9	0.0	0.0
3.1998069385E9	0.0	0.0
3.199955358E9	0.0	0.0
3.2014016365E9	0.0	0.0
3.2028277175E9	0.0	0.0
3.2029687845E9	0.0	0.0
3.203201466E9	0.0	0.0
3.20358499E9	0.0	0.0
3.2038790125E9	0.0	0.0
3.2053125825E9	0.0	0.0
3.2067511195E9	0.0	0.0
3.206993496E9	0.0	0.0
3.207167734E9	0.0	0.0
3.207269482E9	0.0	0.0
3.2082470535E9	0.0	0.0
3.209270047E9	0.0	0.0
3.209499958E9	0.0	0.0
3.209672253E9	0.0	0.0
3.209771744E9	0.0	0.0
3.209906314E9	0.0	0.0
3.210051643E9	0.0	0.0
3.210252427E9	0.0	0.0
3.210479737E9	0.0	0.0
3.2106612705E9	0.0	0.0
3.2108126855E9	0.0	0.0
3.2109489365E9	0.0	0.0
3.211112685E9	0.0	0.0
3.211276458E9	0.0	0.0
3.2113913245E9	0.0	0.0
3.211448676E9	0.0	0.0
3.211667989E9	0.0	0.0
3.2119459285E9	0.0	0.0
3.2121250515E9	0.0	0.0
3.2122969955E9	0.0	0.0
3.2123965055E9	0.0	0.0
3.2125349645E9	0.0	0.0
3.2131457035E9	0.0	0.0
3.2137037545E9	0.0	0.0
3.2138273345E9	0.0	0.0
3.213916052E9	0.0	0.0
3.214037099E9	0.0	0.0
3.214160774E9	0.0	0.0
3.214276104E9	0.0	0.0
3.2144314255E9	0.0	0.0
3.214603974E9	0.0	0.0
3.214741899E9	0.0	0.0
3.214803629E9	0.0	0.0
3.2148619735E9	0.0	0.0
3.2149372605E9	0.0	0.0
3.2151085635E9	0.0	0.0
3.2153316515E9	0.0	0.0
3.21557685E9	0.0	0.0
3.2158607505E9	0.0	0.0
3.216043249E9	0.0	0.0
3.2161423765E9	0.0	0.0
3.216272244E9	0.0	0.0
3.216496084E9	0.0	0.0
3.2167106215E9	0.0	0.0
3.2168638305E9	0.0	0.0
3.2170520155E9	0.0	0.0
3.2172397035E9	0.0	0.0
3.2174017605E9	0.0	0.0
3.217672482E9	0.0	0.0
3.2184339645E9	0.0	0.0
3.219071652E9	0.0	0.0
3.2210726935E9	0.0	0.0
3.223470326E9	0.0	0.0
3.22402783E9	0.0	0.0
3.224191744E9	0.0	0.0
3.224419567E9	0.0	0.0
3.224632266E9	0.0	0.0
3.224792934E9	0.0	0.0
3.225186421E9	0.0	0.0
3.2255707875E9	0.0	0.0
3.2282496865E9	0.0	0.0
3.230899254E9	0.0	0.0
3.231046664E9	0.0	0.0
3.231156847E9	0.0	0.0
3.231319747E9	0.0	0.0
3.2314950485E9	0.0	0.0
3.2322506785E9	0.0	0.0
3.233049304E9	0.0	0.0
3.2332151895E9	0.0	0.0
3.2336588045E9	0.0	0.0
3.234060571E9	0.0	0.0
3.234234582E9	0.0	0.0
3.2344548565E9	0.0	0.0
3.234816026E9	0.0	0.0
3.237231315E9	0.0	0.0
3.2395337205E9	0.0	0.0
3.2398133775E9	0.0	0.0
3.2400373245E9	0.0	0.0
3.2406787825E9	0.0	0.0
3.241298986E9	0.0	0.0
3.2414687665E9	0.0	0.0
3.243889317E9	0.0	0.0
3.246774059E9	0.0	0.0
3.247418655E9	0.0	0.0
3.2475331295E9	0.0	0.0
3.249947036E9	0.0	0.0
3.2528783385E9	0.0	0.0
3.2534936185E9	0.0	0.0
3.254652428E9	0.0	0.0
3.256955622E9	0.0	0.0
3.258683433E9	0.0	0.0
3.259267578E9	0.0	0.0
3.261629879E9	0.0	0.0
3.2640945135E9	0.0	0.0
3.2647732005E9	0.0	0.0
3.2653051265E9	0.0	0.0
3.265741742E9	0.0	0.0
3.2666733815E9	0.0	0.0
3.267331185E9	0.0	0.0
3.267540788E9	0.0	0.0
3.267704514E9	0.0	0.0
3.267868554E9	0.0	0.0
3.268056187E9	0.0	0.0
3.2682630625E9	0.0	0.0
3.2684455845E9	0.0	0.0
3.2686086995E9	0.0	0.0
3.268786298E9	0.0	0.0
3.2689638875E9	0.0	0.0
3.2691518245E9	0.0	0.0
3.269339754E9	0.0	0.0
3.2695173445E9	0.0	0.0
3.2697050685E9	0.0	0.0
3.26986209E9	0.0	0.0
3.270008996E9	0.0	0.0
3.270193349E9	0.0	0.0
3.2704334635E9	0.0	0.0
3.270668543E9	0.0	0.0
3.2708571865E9	0.0	0.0
3.271044964E9	0.0	0.0
3.271238452E9	0.0	0.0
3.2714239125E9	0.0	0.0
3.2716168525E9	0.0	0.0
3.271809987E9	0.0	0.0
3.271983946E9	0.0	0.0
3.272080921E9	0.0	0.0
