# Position (bp)	A	C	G	T	N
0.0	33.470648815653966	17.198764160659113	19.567456230690013	29.45417095777549	0.30895983522142123
1.0	33.985581874356335	16.4778578784758	21.318228630278064	28.218331616889802	0.0
2.0	33.29907502569373	19.732785200411097	17.574511819116136	29.393627954779035	0.0
3.0	32.75154004106776	16.427104722792606	20.739219712525667	30.082135523613964	0.0
4.0	33.7782340862423	17.04312114989733	20.2258726899384	28.952772073921974	0.0
5.0	31.762295081967213	17.21311475409836	20.081967213114755	30.942622950819672	0.0
6.0	29.447852760736197	21.267893660531698	20.143149284253578	29.141104294478527	0.0
7.0	31.28834355828221	19.938650306748464	17.995910020449898	30.777096114519427	0.0
8.0	34.52502553626149	17.97752808988764	18.181818181818183	29.31562819203269	0.0
9.0	30.439223697650664	18.488253319713994	20.020429009193055	31.05209397344229	0.0
10.0	37.10499490316004	18.144750254842	17.32925586136595	27.42099898063201	0.0
11.0	31.05906313645621	17.922606924643585	17.617107942973522	33.401221995926676	0.0
12.0	31.975560081466398	17.820773930753564	19.653767820773933	30.549898167006113	0.0
13.0	36.483739837398375	16.056910569105693	17.88617886178862	29.573170731707314	0.0
14.0	33.53658536585366	18.191056910569106	18.39430894308943	29.878048780487802	0.0
15.0	30.152284263959388	20.0	20.40609137055838	29.441624365482234	0.0
16.0	31.979695431472084	19.796954314720814	17.66497461928934	30.558375634517766	0.0
17.0	30.831643002028397	17.545638945233264	20.892494929006087	30.73022312373225	0.0
18.0	31.541582150101423	20.79107505070994	18.96551724137931	28.70182555780933	0.0
19.0	34.7870182555781	17.44421906693712	16.328600405679513	31.44016227180527	0.0
20.0	33.43465045592705	17.62917933130699	17.933130699088146	31.00303951367781	0.0
21.0	32.08502024291498	18.724696356275302	18.218623481781375	30.971659919028337	0.0
22.0	30.263157894736842	19.4331983805668	18.927125506072876	31.376518218623485	0.0
23.0	31.57894736842105	19.838056680161944	18.62348178137652	29.959514170040485	0.0
24.0	30.3951367781155	15.602836879432624	20.871327254305978	33.130699088145896	0.0
25.0	31.5096251266464	19.148936170212767	18.541033434650455	30.800405268490376	0.0
26.0	32.55578093306288	18.356997971602436	17.951318458417852	31.135902636916835	0.0
27.0	33.367139959432045	17.748478701825558	17.951318458417852	30.93306288032454	0.0
28.0	32.048681541582155	17.951318458417852	20.18255578093306	29.817444219066935	0.0
29.0	32.454361054766736	22.10953346855984	16.63286004056795	28.803245436105477	0.0
30.0	31.6751269035533	16.6497461928934	20.812182741116754	30.862944162436552	0.0
31.0	32.18274111675127	17.15736040609137	20.609137055837564	30.050761421319798	0.0
32.0	32.48730964467005	18.98477157360406	19.695431472081218	28.832487309644673	0.0
33.0	31.065989847715734	18.17258883248731	19.695431472081218	31.065989847715734	0.0
34.0	31.573604060913706	21.928934010152286	18.47715736040609	28.02030456852792	0.0
35.0	31.979695431472084	19.898477157360407	19.796954314720814	28.3248730964467	0.0
36.0	32.1501014198783	18.154158215010142	19.776876267748477	29.918864097363084	0.0
37.0	31.33874239350913	20.18255578093306	19.97971602434077	28.498985801217035	0.0
38.0	30.831643002028397	19.066937119675455	19.066937119675455	31.03448275862069	0.0
39.0	31.10435663627153	18.84498480243161	19.959473150962513	30.091185410334347	0.0
40.0	29.989868287740627	19.655521783181356	19.45288753799392	30.901722391084093	0.0
41.0	29.513184584178497	18.66125760649087	19.776876267748477	32.048681541582155	0.0
42.0	29.310344827586203	20.385395537525355	18.96551724137931	31.33874239350913	0.0
43.0	34.27991886409736	15.821501014198782	20.689655172413794	29.107505070993916	0.10141987829614604
44.0	31.541582150101423	18.96551724137931	20.99391480730223	28.498985801217035	0.0
45.0	31.5096251266464	22.087132725430596	19.756838905775076	26.646403242147926	0.0
46.0	28.77406281661601	19.959473150962513	16.514690982776088	34.751773049645394	0.0
47.0	30.59777102330294	17.73049645390071	19.45288753799392	32.21884498480243	0.0
48.0	33.130699088145896	16.616008105369808	19.756838905775076	30.49645390070922	0.0
49.0	31.10435663627153	18.439716312056735	19.148936170212767	31.30699088145897	0.0
50.0	31.10435663627153	18.33839918946302	20.364741641337385	30.192502532928067	0.0
51.0	29.584599797365758	19.148936170212767	19.45288753799392	31.813576494427558	0.0
52.0	32.016210739615	15.602836879432624	22.99898682877406	29.38196555217832	0.0
53.0	29.554655870445345	21.153846153846153	20.951417004048583	28.34008097165992	0.0
54.0	30.63700707785642	18.200202224469162	19.514661274014156	31.648129423660265	0.0
55.0	31.547017189079877	17.89686552072801	19.817997977755308	30.738119312436808	0.0
56.0	31.547017189079877	21.1324570273003	16.885743174924166	30.434782608695656	0.0
57.0	29.828109201213348	18.806875631951467	17.89686552072801	33.46814964610718	0.0
58.0	29.120323559150656	21.23356926188069	19.716885743174924	29.92922143579373	0.0
59.0	30.535894843276033	21.638018200202225	16.380182002022245	31.445904954499493	0.0
60.0	32.0525783619818	20.222446916076844	18.6046511627907	29.120323559150656	0.0
61.0	30.909090909090907	17.97979797979798	18.08080808080808	33.03030303030303	0.0
62.0	33.06370070778564	18.90798786653185	19.716885743174924	28.311425682507586	0.0
63.0	29.726996966632964	19.11021233569262	19.211324570273003	31.951466127401417	0.0
64.0	31.344792719919113	21.638018200202225	16.076845298281093	30.940343781597573	0.0
65.0	33.67037411526795	19.514661274014156	17.391304347826086	29.42366026289181	0.0
66.0	29.120323559150656	21.23356926188069	19.211324570273003	30.434782608695656	0.0
67.0	30.535894843276033	20.424671385237612	17.087967644084934	31.951466127401417	0.0
68.0	31.14256825075834	20.930232558139537	17.99797775530839	29.92922143579373	0.0
69.0	26.895854398382202	20.930232558139537	18.503538928210315	33.67037411526795	0.0
70.0	26.79474216380182	18.200202224469162	20.222446916076844	34.78260869565217	0.0
71.0	26.895854398382202	21.1324570273003	21.941354903943378	30.030333670374116	0.0
72.0	28.816986855409503	21.53690596562184	18.70576339737108	30.940343781597573	0.0
73.0	33.367037411526795	16.885743174924166	17.087967644084934	32.659251769464106	0.0
74.0	30.535894843276033	19.41354903943377	19.716885743174924	30.33367037411527	0.0
75.0	30.940343781597573	18.402426693629927	21.1324570273003	29.524772497472195	0.0
76.0	28.51365015166835	21.334681496461073	20.424671385237612	29.726996966632964	0.0
77.0	30.030333670374116	18.6046511627907	18.6046511627907	32.76036400404449	0.0
78.0	31.243680485338725	20.525783619817997	17.18907987866532	31.04145601617796	0.0
79.0	29.09090909090909	21.21212121212121	20.707070707070706	28.98989898989899	0.0
80.0	32.694248234106965	19.17255297679112	20.686175580222	27.14429868819374	0.30272452068617556
81.0	31.685166498486378	18.66801210898083	18.567103935418768	31.079717457114025	0.0
82.0	30.57517658930373	18.66801210898083	20.080726538849646	30.67608476286579	0.0
83.0	33.29969727547931	18.26437941473259	18.869828456104944	29.56609485368315	0.0
84.0	34.20787083753784	19.77800201816347	17.356205852674066	28.65792129162462	0.0
85.0	29.667003027245208	18.66801210898083	19.97981836528759	31.685166498486378	0.0
86.0	29.868819374369327	19.475277497477293	19.576185671039354	31.079717457114025	0.0
87.0	30.474268415741673	20.282542885973765	19.475277497477293	29.76791120080727	0.0
88.0	28.85973763874874	20.686175580222	20.484359233097884	29.969727547931384	0.0
89.0	28.85973763874874	19.576185671039354	19.27346115035318	32.29061553985873	0.0
90.0	29.36427850655903	18.163471241170534	18.970736629667005	33.501513622603426	0.0
91.0	30.978809283551968	19.87891019172553	18.46619576185671	30.67608476286579	0.0
92.0	32.39152371342079	19.97981836528759	15.842583249243189	31.786074672048436	0.0
93.0	29.969727547931384	17.05348133198789	19.677093844601412	33.29969727547931	0.0
94.0	32.89606458123108	17.457114026236127	18.163471241170534	31.48335015136226	0.0
95.0	29.061553985872855	19.97981836528759	19.374369323915236	31.58425832492432	0.0
96.0	31.079717457114025	19.27346115035318	18.66801210898083	30.978809283551968	0.0
97.0	32.694248234106965	19.87891019172553	16.750756811301713	30.67608476286579	0.0
98.0	33.03030303030303	19.393939393939394	19.696969696969695	27.878787878787882	0.0
99.0	29.898989898989896	21.01010101010101	20.303030303030305	28.78787878787879	0.0
100.0	30.2020202020202	21.616161616161616	17.17171717171717	31.01010101010101	0.0
101.0	31.616161616161616	19.7979797979798	19.696969696969695	28.888888888888886	0.0
102.0	33.33333333333333	18.585858585858585	18.181818181818183	29.898989898989896	0.0
103.0	29.898989898989896	21.616161616161616	18.484848484848484	30.0	0.0
104.0	31.243680485338725	19.312436804853387	17.99797775530839	31.445904954499493	0.0
105.0	30.263157894736842	20.546558704453442	18.31983805668016	30.870445344129553	0.0
106.0	30.668016194331983	17.408906882591094	20.951417004048583	30.971659919028337	0.0
107.0	30.5668016194332	20.344129554655872	18.724696356275302	30.364372469635626	0.0
108.0	30.16194331983806	21.153846153846153	18.724696356275302	29.959514170040485	0.0
109.0	32.08502024291498	17.307692307692307	22.874493927125506	27.732793522267208	0.0
110.0	32.28744939271255	18.927125506072876	19.939271255060728	28.846153846153843	0.0
111.0	33.198380566801625	17.91497975708502	17.510121457489877	31.376518218623485	0.0
112.0	32.76036400404449	17.89686552072801	19.11021233569262	30.1314459049545	0.10111223458038424
113.0	27.760891590678828	19.858156028368796	21.88449848024316	30.3951367781155	0.10131712259371835
114.0	31.30699088145897	17.1225937183384	18.33839918946302	33.130699088145896	0.10131712259371835
115.0	29.78723404255319	18.034447821681866	22.188449848024316	29.88855116514691	0.10131712259371835
116.0	33.164300202839755	19.675456389452332	17.951318458417852	29.107505070993916	0.10141987829614604
117.0	30.121703853955374	19.574036511156187	18.255578093306287	31.947261663286003	0.10141987829614604
118.0	32.454361054766736	17.038539553752535	19.371196754563893	31.03448275862069	0.10141987829614604
119.0	30.831643002028397	21.095334685598377	17.647058823529413	30.324543610547668	0.10141987829614604
120.0	28.70182555780933	22.920892494929006	18.864097363083165	28.29614604462475	1.2170385395537524
121.0	31.74442190669371	19.371196754563893	19.066937119675455	26.97768762677485	2.839756592292089
122.0	31.74442190669371	19.776876267748477	20.486815415821503	27.789046653144016	0.2028397565922921
123.0	30.831643002028397	18.052738336713997	17.545638945233264	33.46855983772819	0.10141987829614604
124.0	29.75708502024291	20.546558704453442	19.63562753036437	29.858299595141702	0.20242914979757085
125.0	29.655870445344128	19.230769230769234	20.546558704453442	30.364372469635626	0.20242914979757085
126.0	29.75708502024291	21.153846153846153	19.838056680161944	29.048582995951417	0.20242914979757085
127.0	33.029381965552176	17.1225937183384	19.55420466058764	30.091185410334347	0.2026342451874367
128.0	30.69908814589666	15.906788247213779	22.188449848024316	31.00303951367781	0.2026342451874367
129.0	29.17933130699088	17.325227963525837	21.580547112462007	31.712259371833838	0.2026342451874367
130.0	30.800405268490376	16.818642350557244	23.302938196555218	28.87537993920973	0.2026342451874367
131.0	28.77406281661601	18.74366767983789	21.073961499493414	31.20567375886525	0.2026342451874367
132.0	29.88855116514691	17.831813576494426	21.783181357649443	30.29381965552178	0.2026342451874367
133.0	29.078014184397162	19.756838905775076	19.250253292806484	31.712259371833838	0.2026342451874367
134.0	32.11752786220871	16.616008105369808	19.959473150962513	31.10435663627153	0.2026342451874367
135.0	29.78723404255319	20.66869300911854	20.972644376899694	28.368794326241137	0.2026342451874367
136.0	29.989868287740627	20.56737588652482	18.94630192502533	30.29381965552178	0.2026342451874367
137.0	28.600405679513187	19.066937119675455	19.97971602434077	32.1501014198783	0.2028397565922921
138.0	29.513184584178497	19.47261663286004	18.96551724137931	31.845841784989858	0.2028397565922921
139.0	33.2657200811359	18.76267748478702	16.63286004056795	31.135902636916835	0.2028397565922921
140.0	30.253807106598984	18.883248730964468	20.40609137055838	30.253807106598984	0.20304568527918782
141.0	33.16378433367243	18.819938962360123	18.71820956256358	29.094608341810783	0.20345879959308238
142.0	31.027466937945064	18.71820956256358	21.363173957273652	28.687690742624618	0.20345879959308238
143.0	31.841302136317395	20.44760935910478	18.921668362156662	28.585961342828075	0.20345879959308238
144.0	30.722278738555442	20.854526958290943	19.12512716174975	29.094608341810783	0.20345879959308238
145.0	30.14256619144603	20.162932790224033	20.977596741344197	28.5132382892057	0.20366598778004072
146.0	30.275229357798167	21.406727828746178	17.635066258919473	30.479102956167175	0.20387359836901123
147.0	31.19266055045872	20.795107033639145	19.77573904179409	28.032619775739043	0.20387359836901123
148.0	32.78855975485189	18.794688457609805	17.97752808988764	30.234933605720123	0.20429009193054137
149.0	29.009193054136873	18.488253319713994	20.93973442288049	31.3585291113381	0.20429009193054137
