# This file was produced by samtools stats (1.12+htslib-1.12) and can be plotted using plot-bamstats
# This file contains statistics for all reads.
# The command line was:  stats SSMP_060_to_069.SSM063.unmapped-both-read-and-mate.sam
# CHK, Checksum	[2]Read Names	[3]Sequences	[4]Qualities
# CHK, CRC32 of reads which passed filtering followed by addition (32bit overflow)
CHK	d31534ae	d162f9ce	8f117a1a
# Summary Numbers. Use `grep ^SN | cut -f 2-` to extract this part.
SN	raw total sequences:	2033432	# excluding supplementary and secondary reads
SN	filtered sequences:	0
SN	sequences:	2033432
SN	is sorted:	0
SN	1st fragments:	1016716
SN	last fragments:	1016716
SN	reads mapped:	49599
SN	reads mapped and paired:	49198	# paired-end technology bit set + both mates mapped
SN	reads unmapped:	1983833
SN	reads properly paired:	46876	# proper-pair bit set
SN	reads paired:	2033432	# paired-end technology bit set
SN	reads duplicated:	0	# PCR or optical duplicate bit set
SN	reads MQ0:	6274	# mapped and MQ=0
SN	reads QC failed:	0
SN	non-primary alignments:	0
SN	supplementary alignments:	0
SN	total length:	203343200	# ignores clipping
SN	total first fragment length:	101671600	# ignores clipping
SN	total last fragment length:	101671600	# ignores clipping
SN	bases mapped:	4959900	# ignores clipping
SN	bases mapped (cigar):	1872044	# more accurate
SN	bases trimmed:	0
SN	bases duplicated:	0
SN	mismatches:	134806	# from NM fields
SN	error rate:	7.201006e-02	# mismatches / bases mapped (cigar)
SN	average length:	100
SN	average first fragment length:	100
SN	average last fragment length:	100
SN	maximum length:	100
SN	maximum first fragment length:	100
SN	maximum last fragment length:	100
SN	average quality:	4.5
SN	insert size average:	289.3
SN	insert size standard deviation:	35.9
SN	inward oriented pairs:	23544
SN	outward oriented pairs:	37
SN	pairs with other orientation:	32
SN	pairs on different chromosomes:	986
SN	percentage of properly paired reads (%):	2.3
# First Fragment Qualities. Use `grep ^FFQ | cut -f 2-` to extract this part.
# Columns correspond to qualities and rows to cycles. First column is the cycle number.
FFQ	1	0	0	483608	0	0	0	0	0	0	0	47575	0	0	16414	0	0	0	0	0	21566	0	0	41005	0	854	0	0	26673	54320	21935	16159	212036	62752	9250	2208	361	0	0	0	0	0	0	0	0	0
FFQ	2	0	0	484336	1860	296	0	812	2193	9985	4814	12032	10817	3770	562	5415	580	5716	1584	8879	9207	15942	9972	14369	14956	17449	32719	30154	31815	47735	43721	81497	38448	37677	18715	7742	8046	2429	438	34	0	0	0	0	0	0
FFQ	3	0	0	484192	1502	0	284	0	2349	6660	2932	10569	2816	8476	2736	2530	2109	4276	294	1696	3981	6240	15750	14335	13769	8657	19103	26283	28833	33132	37910	55246	92904	25926	45696	23097	12934	12359	5962	979	163	36	0	0	0	0
FFQ	4	0	316	484510	0	0	208	867	3986	1013	5325	2479	1794	4644	2985	531	3448	495	502	313	2526	4585	7479	10039	6715	6315	5755	11317	11353	8950	17712	13163	35126	46693	59214	37454	73655	46782	45065	41905	11497	0	0	0	0	0
FFQ	5	0	957	594628	0	701	0	4046	8228	4580	16397	4962	14355	4502	3509	4205	4733	1021	190	3700	6437	12480	11259	12710	6100	6448	8651	11949	7321	14221	18157	18650	30352	40322	12948	36677	31504	32334	18049	8725	548	160	0	0	0	0
FFQ	6	0	2632	646255	2163	953	1939	2353	5902	1498	12368	12635	7848	10381	2855	4277	4387	3911	5685	3593	6097	7415	5868	10457	8758	8556	4042	8063	10857	7075	16879	16813	14795	28636	29983	18122	44550	29511	5077	2870	575	82	0	0	0	0
FFQ	7	0	2272	686697	2029	0	1112	2862	4011	3180	11004	11454	7131	10424	2797	4917	2835	1684	4611	6316	6501	6745	9344	6875	6474	7851	6914	7859	7505	8872	15883	18645	24191	29296	13920	37853	24698	7684	1036	2681	455	98	0	0	0	0
FFQ	8	0	1890	718545	1796	0	919	2544	3424	2858	8776	9865	7570	11503	2816	3484	4375	1082	4477	5318	3522	6975	4878	8844	7152	9065	3129	6392	8739	6807	15599	10157	18190	22041	22796	19906	33174	14195	920	2538	378	77	0	0	0	0
FFQ	9	0	1597	743376	1800	0	804	2216	3046	2486	7514	8755	5997	12131	2224	3353	3167	1600	1766	3953	4656	2387	5981	4076	8951	9936	6716	4185	6872	5775	12546	12777	11466	16854	20087	12493	31197	22262	7848	3292	574	0	0	0	0	0
FFQ	10	0	1436	763948	1657	0	700	1850	2857	2099	6764	8131	5694	11509	2186	2956	3856	728	1690	3463	4041	4275	5162	7877	6781	8205	3703	5070	6371	4025	11809	11554	10163	15731	18475	11398	29145	20436	6949	3414	608	0	0	0	0	0
FFQ	11	0	1197	781826	1573	439	1053	1191	3606	732	5982	7505	6769	10197	2578	2323	3729	932	3183	3845	2373	5349	3746	7404	7326	6966	3656	5950	4271	11959	11675	8175	17441	16219	8808	24812	17576	6653	6249	1043	405	0	0	0	0	0
FFQ	12	0	1071	797825	1542	619	804	2700	1732	1918	8052	8044	10701	3419	1693	4000	1028	2331	3135	6722	4132	7040	7315	5507	3727	4263	4819	9929	11495	8066	13748	11674	20266	15848	15316	5699	5383	3124	1014	631	384	0	0	0	0	0
FFQ	13	0	1006	811806	1627	306	933	1003	3285	600	5172	6567	5763	10432	2140	2168	3595	747	2484	2596	1928	3415	3977	7452	5550	5544	4017	3853	5324	2708	4275	9367	10360	11773	18637	7821	22955	15708	5874	3310	638	0	0	0	0	0
FFQ	14	0	876	824501	1587	305	825	931	3081	570	5045	6639	5560	9786	2239	2789	2776	728	2536	2903	3871	3777	6836	5205	5531	4065	3847	4327	3371	7631	10963	6550	11503	14369	17362	11264	13323	5626	1933	967	580	138	0	0	0	0
FFQ	15	0	812	835918	1537	251	734	859	2894	547	4656	6210	5034	9289	1971	1552	3966	1240	1821	2460	1248	3153	3346	7116	6490	4505	3884	3678	4005	2604	2830	9127	10708	10346	20672	10152	15490	8161	4232	2229	876	113	0	0	0	0
FFQ	16	0	783	846323	1507	220	705	733	2769	516	4174	5912	4713	8982	2066	1525	2560	1755	1662	1871	2193	1171	3628	2929	6561	6029	5838	2570	4147	2912	3943	7044	10128	9141	15708	9494	17000	9181	2840	4172	1192	119	0	0	0	0
FFQ	17	0	624	855675	1442	436	437	2375	973	1664	4869	5044	9504	3405	797	3248	1929	754	1283	1902	2172	3437	2597	6608	6084	5807	1996	4012	3133	3049	7820	9221	9121	18108	8679	14004	7543	3796	1728	879	483	78	0	0	0	0
FFQ	18	0	573	864147	1430	192	628	735	2377	418	3837	5280	4512	8407	1932	1260	3421	1085	1401	2103	1051	2863	2619	6061	5495	3605	3693	2902	3367	1427	2037	7618	7285	7289	11071	13830	11472	11540	4862	2024	787	80	0	0	0	0
FFQ	19	0	523	871895	1470	163	567	702	2276	458	3592	4948	4045	8796	1798	1479	2617	998	1006	2994	1728	4264	2245	3786	6019	2589	2978	3096	2341	1835	1436	7656	7066	7524	13387	12323	8403	9598	4708	2221	1109	77	0	0	0	0
FFQ	20	0	459	878797	1100	127	433	554	1709	353	2943	4220	3413	6896	2382	967	2432	1104	677	1464	2348	1795	4248	1907	4826	5034	3795	1806	3263	1924	2216	6743	8437	8291	15801	7289	13061	6603	3828	2319	1087	65	0	0	0	0
FFQ	21	0	396	885791	1001	248	273	1540	698	1193	3339	3598	6963	3408	685	2707	1101	544	666	2579	2032	3723	2059	3355	5189	2665	2735	2841	2242	1815	1958	6594	7105	7724	14735	7053	12474	6609	3707	2269	1038	64	0	0	0	0
FFQ	22	0	332	892686	1006	214	236	1404	611	1094	3115	3255	6517	3127	661	2549	952	533	639	2571	1841	3592	1814	3112	4668	2533	2682	2609	2237	1163	2502	5436	7153	7056	11760	7205	13896	7131	3607	2158	994	65	0	0	0	0
FFQ	23	0	342	899346	1003	238	217	1345	557	975	2948	3061	5798	2878	720	2215	986	481	612	2351	1752	3202	1900	2948	4110	2386	2245	2440	2314	1125	2325	4199	7179	6590	10889	7740	13474	7061	3338	2444	929	53	0	0	0	0
FFQ	24	0	304	906272	975	213	227	1282	498	972	3541	3075	5821	1713	901	2204	412	749	1237	2151	3397	2002	2726	3171	2433	2031	2110	2891	1043	2153	4578	5484	5281	7661	10663	8044	8356	4141	3826	1446	675	57	0	0	0	0
FFQ	25	0	261	913206	966	163	166	1238	441	874	3230	3153	5516	1606	705	1825	547	492	1223	2408	3147	2245	2320	2554	2573	2247	1746	2367	1340	4542	4932	3765	7374	9413	5570	10468	5995	2705	1933	737	664	59	0	0	0	0
FFQ	26	0	74	920341	1185	0	811	532	962	2325	3357	6370	2555	1569	1426	1176	563	283	204	1048	2215	2862	2301	2155	2774	1391	2289	2110	1612	1267	1902	3463	5840	5343	8485	4946	10302	5633	2353	1868	776	48	0	0	0	0
FFQ	27	0	80	926674	1011	126	12	1110	365	1139	3350	2527	5488	1933	221	1910	687	331	611	940	3139	2409	2422	2426	1876	1290	1875	1648	1664	1617	3453	3896	4032	6441	7951	4277	8718	4696	2392	1328	600	51	0	0	0	0
FFQ	28	0	75	932905	1054	90	42	1011	393	1095	3180	2429	5482	1889	159	1792	752	154	623	886	2880	2007	2485	2169	1143	1415	1995	1595	1864	1570	3348	4081	4224	5575	8182	5473	6170	2875	2021	1091	504	38	0	0	0	0
FFQ	29	0	74	938721	980	96	51	962	378	911	2967	2382	5397	1986	343	1624	729	275	557	1182	2730	2967	1913	1656	1392	1237	1798	933	2066	3135	3763	3796	5029	7694	5326	5953	2577	1756	760	402	204	14	0	0	0	0
FFQ	30	0	59	944042	897	65	39	842	342	660	2580	2351	4786	2358	77	1385	881	174	397	507	1186	2505	1961	2295	1424	1482	1188	1322	1442	1785	1295	2990	3283	3611	4652	7339	5117	5947	2047	1039	337	27	0	0	0	0
FFQ	31	0	68	949967	0	54	356	660	373	1378	1968	1603	4412	1626	551	833	842	457	406	1455	2886	2330	1721	1271	1122	1201	1262	2125	2052	2902	2716	3104	3277	7052	4587	5206	2306	1451	593	376	147	20	0	0	0	0
FFQ	32	0	62	954024	823	31	16	706	324	448	2068	1869	3731	1965	414	1190	640	238	345	419	857	1318	3096	1660	1456	1198	827	1221	895	3167	2339	2268	4036	3386	6605	4429	5486	1724	731	447	244	13	0	0	0	0
FFQ	33	0	51	958938	957	32	19	632	306	423	1868	1777	3328	2120	46	1234	776	11	73	292	395	747	1444	2883	1681	1198	1064	852	1085	898	2066	1983	2284	3123	3639	6002	3848	4732	2440	1153	297	19	0	0	0	0
FFQ	34	0	72	963309	885	14	25	600	302	389	1736	1692	3332	2112	105	1182	717	48	154	392	381	981	1265	2327	1753	1146	1057	604	848	853	848	2644	2179	2767	3557	5403	3119	4189	1984	1279	410	56	0	0	0	0
FFQ	35	0	71	967079	803	7	31	506	316	323	1554	1605	2972	2035	99	1080	671	46	329	341	577	789	1365	2430	1270	1171	986	621	893	811	2252	2413	1513	3044	3771	5359	1741	3613	1281	737	193	18	0	0	0	0
FFQ	36	0	86	970467	672	0	27	456	282	253	1136	1687	2234	2196	149	833	674	60	207	396	484	838	1269	2105	1284	978	920	522	822	729	2231	1589	1564	2727	2658	4629	2585	3822	1776	1116	229	24	0	0	0	0
FFQ	37	0	54	973524	571	0	15	367	214	199	1079	1373	2193	1849	360	497	601	54	326	425	525	1264	2174	1032	850	729	645	779	832	2006	1532	1601	2259	2526	4624	2717	3897	1752	647	417	180	27	0	0	0	0
FFQ	38	0	61	976521	561	0	14	365	213	202	985	1390	2029	1982	71	703	571	39	101	272	564	477	1188	2018	812	766	731	557	825	645	1879	1367	1317	2446	2240	4149	2231	3376	1643	1054	293	58	0	0	0	0
FFQ	39	0	51	979199	455	0	19	347	215	190	911	1323	1801	1790	39	733	459	55	104	245	553	363	1113	1925	736	704	607	556	835	596	1767	1341	1217	2299	2149	3860	2075	3240	1563	1007	197	69	8	0	0	0
FFQ	40	0	51	981699	413	0	17	293	190	168	823	1035	1517	1538	44	533	425	26	112	228	493	489	1016	1621	746	816	408	631	619	596	1549	896	1550	1238	1847	2466	4332	1413	3201	1156	493	23	5	0	0	0
FFQ	41	0	60	984125	379	0	15	234	184	117	707	939	1457	1397	99	379	387	19	107	298	411	552	1581	1087	477	330	394	561	727	471	1280	1136	1192	1775	2028	3733	2075	3256	1588	921	210	24	4	0	0	0
FFQ	42	0	47	986656	331	0	11	235	146	159	677	996	1304	1169	240	307	401	34	44	128	266	549	1086	1169	895	250	411	458	768	458	1047	1032	1221	1421	1965	3259	1778	2696	1783	695	543	76	5	0	0	0
FFQ	43	0	0	988981	85	285	10	106	126	133	272	1151	1482	1145	95	401	445	77	2	8	150	247	646	1098	969	793	261	299	439	741	432	1057	975	926	1533	1733	3171	1908	3038	999	431	63	3	0	0	0
FFQ	44	0	36	990952	64	226	21	81	111	116	228	949	1161	937	79	354	389	86	7	31	112	217	583	989	910	719	255	268	390	801	408	980	1103	1029	1403	1875	3559	1231	2556	1002	439	51	8	0	0	0
FFQ	45	0	33	992973	56	203	19	75	83	117	224	959	1193	947	214	201	381	22	26	75	262	569	934	698	650	275	232	418	680	788	899	671	1177	1392	2452	1138	2707	1861	436	503	142	25	6	0	0	0
FFQ	46	0	32	994784	56	205	8	71	100	102	200	867	1160	905	99	258	320	66	9	39	110	325	754	690	610	529	178	187	435	599	643	946	784	1045	1664	2438	1345	1916	1274	573	329	55	6	0	0	0
FFQ	47	0	28	996393	54	163	12	70	76	94	195	762	922	824	143	151	336	21	40	33	293	580	613	616	512	164	69	404	551	663	793	633	1000	1328	2078	1087	2315	1629	442	472	130	21	6	0	0	0
FFQ	48	0	30	997967	68	0	149	50	25	88	179	471	938	783	73	230	200	106	5	40	105	307	523	544	465	436	160	197	314	748	452	616	458	974	1066	1867	1231	2238	1637	532	381	57	6	0	0	0
FFQ	49	0	34	999527	72	0	147	65	32	95	174	496	838	723	106	238	191	112	4	44	91	306	526	456	462	436	169	195	313	665	398	595	543	859	976	1619	944	1822	1460	569	364	47	3	0	0	0
FFQ	50	0	53	1000928	0	0	100	72	35	75	198	298	800	652	163	153	190	58	11	47	221	403	492	508	364	125	139	304	642	363	518	523	542	751	940	1730	1199	1430	973	562	135	16	3	0	0	0
FFQ	51	0	38	1002247	0	1	129	23	47	133	381	539	639	208	174	207	40	55	39	193	273	420	586	345	120	119	262	563	352	522	443	693	816	1351	902	1495	936	650	431	219	113	10	2	0	0	0
FFQ	52	0	55	1003420	0	0	104	44	53	60	178	288	627	534	135	110	172	52	16	69	171	331	365	422	330	126	106	276	510	295	461	439	426	692	872	1565	1104	1445	383	356	107	13	4	0	0	0
FFQ	53	0	31	1004418	66	0	62	33	18	77	130	305	552	476	50	151	106	106	4	32	101	115	337	443	282	284	148	123	228	471	284	398	370	431	585	788	1363	1011	1051	822	417	47	0	0	0	0
FFQ	54	0	63	1005326	0	0	74	49	51	77	169	219	477	450	74	104	110	54	13	121	186	268	504	233	77	135	75	288	366	285	394	325	514	638	1064	760	1204	793	574	443	148	11	0	0	0	0
FFQ	55	0	20	1006124	37	0	12	73	12	41	103	232	294	357	188	84	118	13	46	58	123	215	331	245	193	113	78	111	357	296	316	397	357	633	589	1204	1027	916	810	339	230	24	0	0	0	0
FFQ	56	0	27	1006853	36	0	20	62	16	26	72	212	234	342	126	119	87	42	50	19	81	74	195	342	185	193	130	123	195	324	240	309	277	364	522	637	1210	893	905	660	436	76	2	0	0	0
FFQ	57	0	26	1007590	44	0	9	40	29	49	78	165	176	327	176	79	81	11	53	58	84	174	303	160	145	104	76	168	320	215	282	290	348	453	586	1116	828	797	691	347	220	16	2	0	0	0
FFQ	58	0	35	1008295	0	0	11	68	25	34	108	94	154	279	146	94	66	1	61	77	178	206	220	132	69	87	45	197	239	183	257	239	429	502	888	681	1068	815	251	338	132	10	2	0	0	0
FFQ	59	0	26	1008974	33	0	10	61	14	42	62	154	133	253	155	53	84	15	52	49	85	176	298	116	106	81	71	154	223	177	288	292	313	417	496	879	684	597	585	279	210	17	2	0	0	0
FFQ	60	0	15	1009525	36	0	14	39	16	43	55	140	116	225	156	55	73	18	62	54	54	132	249	118	87	83	55	140	181	171	231	199	190	411	312	626	717	910	740	251	206	10	1	0	0	0
FFQ	61	0	21	1010019	34	0	16	34	20	32	42	99	77	205	145	44	48	21	65	59	67	149	232	78	68	89	88	126	203	134	221	230	275	352	452	870	696	728	264	208	196	5	4	0	0	0
FFQ	62	0	17	1010594	25	0	15	23	23	32	40	122	99	239	175	62	69	26	45	41	52	146	262	72	66	88	66	99	203	137	185	257	205	286	417	551	415	627	510	208	194	22	1	0	0	0
FFQ	63	0	15	1011000	22	0	7	27	17	30	34	86	39	160	134	56	33	28	42	27	44	59	187	151	62	47	60	41	103	151	174	167	236	147	311	389	533	524	707	515	253	94	4	0	0	0
FFQ	64	0	13	1011413	16	0	10	21	12	32	28	85	51	165	125	49	26	17	30	43	25	111	183	57	60	45	57	97	110	146	149	125	186	255	248	407	686	605	589	182	221	32	4	0	0	0
FFQ	65	0	16	1011799	23	0	8	16	10	22	44	86	43	128	121	52	24	26	38	19	21	78	108	152	32	43	38	45	88	76	135	152	168	158	152	378	386	610	506	558	237	119	1	0	0	0
FFQ	66	0	27	1012199	29	0	12	35	23	29	37	102	41	158	167	52	28	22	34	39	35	162	132	56	32	39	54	104	126	123	136	154	143	180	291	312	418	446	410	177	138	12	2	0	0	0
FFQ	67	0	14	1012541	34	0	7	18	11	37	51	91	34	148	157	65	15	27	43	21	29	75	129	174	25	35	43	39	89	84	117	127	153	136	136	272	263	458	414	376	155	71	2	0	0	0
FFQ	68	0	22	1012773	17	2	9	19	22	23	25	65	24	133	118	34	30	24	45	44	71	109	136	31	25	28	36	106	107	126	121	157	111	166	250	302	415	381	339	159	102	8	1	0	0	0
FFQ	69	0	6	1013043	20	0	12	10	9	24	48	71	20	142	111	32	17	15	48	20	21	61	108	132	21	48	32	33	89	78	121	101	145	90	121	265	279	418	336	338	145	84	2	0	0	0
FFQ	70	0	26	1013227	21	1	9	17	9	15	27	60	14	135	99	38	23	24	45	26	55	89	125	18	42	19	49	91	67	111	102	109	122	83	175	237	217	329	320	322	152	64	2	0	0	0
FFQ	71	0	16	1013409	18	2	10	12	12	19	20	36	12	77	83	28	21	19	17	23	58	88	117	15	20	23	44	84	81	127	81	125	139	91	218	251	235	402	230	244	151	58	0	0	0	0
FFQ	72	0	10	1013618	12	0	9	9	7	16	22	49	12	81	66	19	9	12	25	7	44	34	96	82	9	24	27	34	69	75	87	74	110	141	79	262	238	315	333	363	117	108	12	0	0	0
FFQ	73	0	14	1013796	14	1	5	16	7	18	18	37	9	62	59	29	3	18	32	7	29	35	68	73	15	29	27	34	77	63	86	65	103	106	88	261	223	282	295	313	172	119	8	0	0	0
FFQ	74	0	15	1013950	5	2	6	10	12	21	16	34	6	57	53	32	15	22	15	25	14	61	63	22	27	12	36	75	52	100	77	70	98	58	181	190	174	361	273	268	123	81	4	0	0	0
FFQ	75	0	12	1014097	10	0	5	8	5	24	20	40	14	64	57	16	10	11	23	11	25	33	55	63	15	22	25	31	70	47	71	55	98	92	67	191	194	240	200	419	171	98	7	0	0	0
FFQ	76	0	0	1014260	3	7	15	0	4	0	6	30	11	37	55	51	16	19	2	20	17	8	14	28	34	56	58	40	11	18	40	87	101	81	120	168	111	233	269	398	142	125	21	0	0	0
FFQ	77	0	0	1014370	4	9	5	0	8	1	14	20	27	8	31	39	17	9	12	26	16	21	69	60	26	20	16	24	32	54	45	90	82	128	100	155	222	236	149	325	154	84	8	0	0	0
FFQ	78	0	2	1014482	2	7	10	0	5	5	10	22	25	10	48	37	18	9	18	14	11	19	39	68	28	17	13	24	23	53	34	65	58	74	104	99	189	189	302	247	198	100	38	0	0	0
FFQ	79	0	2	1014592	6	13	6	1	8	7	17	15	33	9	47	35	9	5	9	11	11	28	37	42	30	9	26	24	33	44	48	57	70	70	86	77	201	170	266	204	230	85	43	0	0	0
FFQ	80	0	2	1014697	5	8	8	0	12	7	16	12	30	5	30	22	19	9	24	24	9	15	28	39	20	7	14	20	26	55	46	56	50	70	105	83	168	162	252	249	178	79	55	0	0	0
FFQ	81	0	1	1014799	1	7	8	7	3	4	15	15	35	25	24	4	6	2	11	6	14	41	34	11	22	11	13	27	41	32	53	53	53	73	70	127	149	150	217	227	193	93	39	0	0	0
FFQ	82	0	2	1014914	2	8	6	5	0	2	8	12	24	37	25	5	11	2	22	5	9	27	36	9	18	11	18	22	29	26	38	35	39	71	58	65	141	147	265	234	177	98	53	0	0	0
FFQ	83	0	1	1015029	3	5	5	0	3	4	10	11	25	6	28	22	8	4	18	9	5	25	34	8	25	16	15	15	27	24	46	31	47	54	56	88	152	136	228	194	191	83	25	0	0	0
FFQ	84	0	1	1015135	5	10	8	3	1	6	8	8	29	21	28	4	6	5	14	9	19	12	7	3	15	3	6	22	33	25	29	38	55	47	40	98	149	124	215	196	163	89	27	0	0	0
FFQ	85	0	4	1015241	2	13	5	1	2	5	7	9	27	4	22	12	9	2	8	4	9	20	23	16	16	8	12	20	24	26	30	35	41	36	48	68	110	104	218	175	146	106	48	0	0	0
FFQ	86	0	1	1015362	0	4	1	0	5	4	12	10	20	8	12	8	6	2	8	6	11	28	30	15	13	6	4	18	12	23	39	36	42	37	51	84	112	83	193	150	128	92	40	0	0	0
FFQ	87	0	0	1015499	2	6	3	2	1	6	19	16	20	20	17	6	10	4	13	13	23	12	8	17	7	16	28	20	25	30	33	48	37	56	52	73	65	138	101	131	69	44	26	0	0	0
FFQ	88	0	3	1015568	1	6	2	5	0	2	11	5	21	18	25	7	11	11	28	29	10	13	15	13	13	17	18	17	23	39	39	48	30	71	54	66	111	44	105	76	65	42	33	1	0	0
FFQ	89	0	1	1015615	0	1	11	1	1	0	5	11	10	24	9	10	4	2	6	8	10	12	23	9	7	5	10	20	13	19	29	38	24	36	58	47	87	86	123	117	106	69	49	0	0	0
FFQ	90	0	0	1015685	3	3	11	2	2	5	22	10	28	12	15	2	5	0	18	15	16	10	8	15	8	9	14	16	14	19	27	49	31	30	68	82	64	71	58	117	75	51	26	0	0	0
FFQ	91	0	1	1015734	0	2	12	1	4	0	2	17	5	16	16	11	3	7	4	11	11	13	15	4	9	5	6	17	11	21	21	24	20	31	30	51	59	79	101	90	131	57	54	10	0	0
FFQ	92	0	1	1015790	0	0	7	1	0	0	1	10	3	17	10	7	3	10	3	8	11	13	20	10	10	6	6	11	12	16	23	18	25	24	37	29	43	80	95	96	114	91	39	16	0	0
FFQ	93	0	0	1015844	0	0	5	0	2	0	1	7	3	12	2	3	0	5	1	14	11	6	5	3	6	2	13	14	12	19	20	24	22	27	40	48	69	69	91	60	124	68	60	4	0	0
FFQ	94	0	0	1015899	0	0	3	0	1	0	0	3	2	5	3	5	1	2	0	7	4	6	6	3	17	6	6	10	12	14	19	20	12	28	33	43	70	66	97	56	128	69	51	9	0	0
FFQ	95	0	0	1015954	0	0	3	0	0	0	1	4	2	12	4	2	3	2	0	6	4	1	9	7	7	4	6	8	10	18	14	17	16	25	36	37	56	62	86	75	105	69	48	3	0	0
FFQ	96	0	0	1016004	0	0	1	0	0	1	0	2	1	6	3	4	0	7	3	3	1	0	3	4	7	4	3	11	7	1	8	12	16	11	35	35	26	53	77	94	63	117	57	32	4	0
FFQ	97	0	0	1016063	0	0	0	0	0	0	0	3	2	7	4	2	1	3	0	1	0	8	1	9	6	5	5	5	5	7	11	9	13	9	24	36	31	55	88	72	84	88	44	15	0	0
FFQ	98	0	0	1016123	0	0	1	1	0	0	0	1	1	2	3	0	1	1	2	0	3	2	5	1	11	2	5	9	8	12	15	11	14	13	17	28	46	57	78	69	104	34	34	2	0	0
FFQ	99	0	0	1016180	0	0	0	0	0	0	0	0	1	0	0	0	0	1	0	3	0	2	1	3	7	3	7	7	9	5	8	13	9	28	26	33	63	76	57	95	40	33	6	0	0	0
FFQ	100	0	0	1016219	0	0	0	0	0	0	0	0	0	0	0	1	2	2	0	0	2	0	2	3	3	6	2	12	5	2	8	7	29	21	45	49	78	62	93	29	27	7	0	0	0	0
# Last Fragment Qualities. Use `grep ^LFQ | cut -f 2-` to extract this part.
# Columns correspond to qualities and rows to cycles. First column is the cycle number.
LFQ	1	0	0	406343	0	0	0	0	0	0	0	0	0	232582	0	0	0	0	0	0	0	0	0	127960	0	0	0	57	15474	0	5964	96397	131939	0	0	0	0	0	0	0	0	0	0	0	0	0
LFQ	2	0	0	406869	0	0	4943	0	11446	0	10106	32798	12945	94559	14863	0	27042	12936	0	0	0	73	1171	973	11223	46190	30220	17076	11634	4418	6626	18036	9122	30567	21717	31174	21609	43007	27154	43907	12312	0	0	0	0	0
LFQ	3	0	0	421805	0	0	4716	0	12397	0	9831	30600	13063	89419	13556	0	31542	5372	0	0	168	1265	867	11087	46103	30203	17080	10357	5349	6656	18069	9220	26730	23511	22243	17088	30455	35483	20994	32697	15850	2940	0	0	0	0
LFQ	4	0	0	438574	0	4733	0	12485	0	9909	28248	11989	79189	15276	4802	23265	5235	0	0	10447	24419	17800	11299	17760	27822	2757	8483	7062	4557	9955	9477	713	25681	24023	22934	23971	43278	41671	21484	26450	968	0	0	0	0	0
LFQ	5	0	0	468844	0	4555	0	12207	0	10026	26339	12063	76969	17209	0	23424	5723	0	8326	23249	16494	7452	16557	26327	4637	2769	8190	6654	4575	9153	8625	690	23026	22652	21251	21972	40891	38903	21241	24857	866	0	0	0	0	0
LFQ	6	0	13	498781	1482	1	9602	776	17357	32803	21486	49840	14118	8089	14371	4575	44	1285	11275	9304	27918	19597	14574	4365	7659	13968	6142	4257	9920	8551	2060	20365	23396	21182	20303	32760	25214	29714	10729	17993	847	0	0	0	0	0
LFQ	7	0	14	520338	1461	5	9240	743	16029	30427	19953	45804	14811	3280	18875	4585	29	282	3049	10336	8644	27578	18736	14545	2554	12822	9099	6544	4738	8572	6634	2768	20750	23725	16021	22981	33362	34316	19048	22708	1310	0	0	0	0	0
LFQ	8	0	13	540733	1265	2	8447	690	15678	29571	18727	44529	14262	3076	17418	4213	111	48	1973	10672	8453	26701	17504	13500	2631	6976	12283	5477	6041	9630	7777	4259	19570	21686	15408	19805	28856	22244	28182	11714	16591	0	0	0	0	0
LFQ	9	0	20	560295	1299	4	8129	723	15010	28270	19567	42183	15883	2847	13259	4010	875	9620	8134	25003	16906	12281	3250	7662	13767	3949	8163	5580	6488	14851	15720	17437	13319	10608	27012	20717	15619	15099	14019	11834	7304	0	0	0	0	0
LFQ	10	0	28	577802	1276	3	7887	663	14375	27407	19095	40802	15411	2983	12603	3753	966	9399	7783	24072	16074	12032	3029	8084	12633	3893	6848	4417	8815	14081	14063	17240	11834	9982	25237	18527	10444	19035	9086	17955	7099	0	0	0	0	0
LFQ	11	0	5325	587942	1231	1282	6981	7641	19844	22021	11557	40513	12971	807	12584	2224	886	9064	7619	22803	15531	11712	3103	8129	11664	3760	5659	3219	12060	13874	11951	17985	10724	9612	25117	19337	14428	14308	13054	11018	7176	0	0	0	0	0
LFQ	12	0	24	608041	1204	2	7308	666	13283	25486	17519	37937	11340	5044	11370	3729	843	2067	8678	8019	20098	13911	12194	2090	8279	11303	2984	4405	2110	14459	13263	9602	18493	9850	9440	25142	21242	12869	16416	19197	6809	0	0	0	0	0
LFQ	13	0	16	622543	1124	3	7201	663	12363	24445	15507	37013	10162	5870	10811	3493	44	1671	8957	6638	20452	14574	11648	1973	7710	11203	2926	3946	1808	14832	12949	8843	18031	9165	8958	24186	20807	12345	16124	18712	7000	0	0	0	0	0
LFQ	14	0	15	636428	1065	0	6537	568	11707	23431	16683	34308	9538	2378	13138	3270	474	1528	2792	7736	6062	20200	13608	11388	2060	12709	6826	2980	2843	1307	14483	14937	10035	17121	8751	13189	27640	19996	19699	13940	5219	127	0	0	0	0
LFQ	15	0	1	649568	1055	0	6089	543	11224	21913	15499	32700	8893	2332	12015	2852	573	1450	2125	8067	6207	18943	13214	10135	2581	7604	9485	2620	2564	2795	13417	14496	8240	18810	5966	16097	28203	19487	18476	13651	6723	103	0	0	0	0
LFQ	16	0	6	662551	935	0	5839	536	10868	21063	14529	30552	8337	4680	9001	3265	46	1448	7816	6286	17728	11688	9827	3981	5410	9424	2629	3153	13911	13257	8139	16487	8602	10949	23455	20452	10220	17694	14172	7111	565	104	0	0	0	0
LFQ	17	0	14	674962	925	35	5721	504	10301	20193	14323	30066	8057	2035	11075	2886	496	1335	2902	6783	6304	16022	11319	9776	3661	8695	6168	2489	2739	11649	13110	7582	17167	6209	13648	22981	20695	13013	21156	9021	604	95	0	0	0	0
LFQ	18	0	13	686809	918	46	5665	469	9788	19643	14021	29098	7997	1937	10668	2740	486	1338	2934	6302	5028	16169	10818	9045	1917	10709	5713	2740	2428	1500	11291	13084	8812	13334	8244	12978	24827	18408	18257	14487	5645	410	0	0	0	0
LFQ	19	0	15	698504	855	43	5467	527	9481	19039	13097	27886	9712	2140	9295	2571	617	623	6062	4877	12144	4864	8796	11922	5065	3530	8533	2071	3428	1760	11984	12218	8545	12987	7730	11656	23270	14954	15056	15383	9196	813	0	0	0	0
LFQ	20	0	14	709451	726	61	4963	481	8718	18095	12562	26759	9016	2048	8505	2339	633	577	6039	4966	11608	5076	8615	11241	5275	3699	7927	2592	3439	1528	12065	13488	10724	13346	11666	19595	16693	9580	18757	10793	2348	708	0	0	0	0
LFQ	21	0	22	720179	691	99	4568	532	8052	16750	11950	24929	8371	2029	8001	2193	675	831	6123	4807	11139	5100	7865	10306	4791	3311	8299	2208	3485	1925	11153	12171	8600	11802	7980	11130	22307	14397	14539	14505	8268	633	0	0	0	0
LFQ	22	0	21	731019	619	80	4363	525	3865	13756	11876	27995	7007	2367	9430	1248	876	457	3875	5793	9938	6106	7671	10218	3797	3668	8320	2440	3899	1390	11043	11559	8596	11988	8186	11651	20833	14438	17779	11461	5982	581	0	0	0	0
LFQ	23	0	28	741842	610	119	3983	572	3780	13074	11457	27226	6266	2291	9090	1158	829	576	3603	6016	8890	5316	7743	9381	3731	3841	8363	2437	2625	2591	8858	10224	6107	13758	4805	13026	21555	13439	14692	14147	8206	461	0	0	0	0
LFQ	24	0	24	752627	607	147	3741	573	3633	12804	11722	26760	5948	2262	8927	1160	747	594	3501	6178	8417	6669	7129	8368	3623	3946	7896	2489	2659	2531	8475	9715	5654	13415	4304	12495	20456	12694	13739	12638	7112	337	0	0	0	0
LFQ	25	0	24	763233	571	210	3478	541	6094	14409	10085	23032	5977	1553	7630	1585	198	620	3265	6615	8053	6967	6865	7907	4302	3958	6856	2885	3015	8800	10015	5502	13087	4113	10471	15699	13647	7540	15733	7427	4522	232	0	0	0	0
LFQ	26	0	19	773650	457	266	3319	603	3490	12244	10373	23023	6186	1887	8103	1099	472	823	1950	3816	9691	7956	6894	7327	2448	3955	4819	4611	2609	3064	8154	9482	5368	12492	3909	12053	18437	11245	12801	11268	6127	226	0	0	0	0
LFQ	27	0	41	783584	446	312	3204	691	3233	11876	9931	21698	5758	1822	7745	965	379	910	1611	3848	9589	8259	6671	6507	2074	3919	4956	4546	2589	3035	7673	8947	5104	11873	3706	11799	17501	10677	12441	10539	6050	207	0	0	0	0
LFQ	28	0	48	793493	366	12	3344	710	2638	9482	8136	21135	8818	874	6855	2382	308	898	1401	3750	8930	7732	6462	6062	1815	3982	5407	4441	2752	3055	7138	9165	6010	11400	5259	15534	12491	6867	11756	9931	5700	177	0	0	0	0
LFQ	29	0	54	799891	3295	9	2034	994	2242	6991	9085	20206	9161	1268	5663	3171	213	403	1683	3611	8281	8407	6102	4868	1602	3495	5490	1465	5216	2916	6862	8898	5707	10945	3177	9929	12252	11603	8177	14879	6294	177	0	0	0	0
LFQ	30	0	43	812185	230	7	2670	745	2077	8405	7109	19228	9353	421	5778	2513	154	962	1096	3554	8604	8387	5583	4545	2910	4498	3629	5297	2026	7340	6832	4633	7724	8073	4743	13753	11737	5457	10738	8640	4856	181	0	0	0	0
LFQ	31	0	27	818667	2673	225	535	1917	792	2801	10629	9063	16844	3683	1729	5263	676	764	1169	1975	4164	11163	6004	4940	2138	3261	4027	2327	5517	3098	5609	8619	6020	10418	4107	13698	11195	6442	10862	8644	4849	182	0	0	0	0
LFQ	32	0	43	828224	2649	185	646	1709	834	2454	9926	9167	16161	3205	1597	4912	548	536	1298	1881	3716	9521	6252	4318	1880	3235	3652	2459	2195	4400	6131	5788	5257	7390	8795	5179	15943	10194	9886	9738	4646	166	0	0	0	0
LFQ	33	0	51	838784	2798	150	690	1595	874	2366	9912	9924	14793	2913	1599	4626	438	875	1257	1540	3736	10114	5113	4120	2265	2590	3439	2333	5547	5228	4524	5956	6389	7526	3240	11798	9864	6146	9797	7427	4204	175	0	0	0	0
LFQ	34	0	58	849213	2571	80	683	1293	885	2193	9418	9465	12809	2564	1756	4318	277	666	1456	1476	3998	9440	5500	3699	1854	2750	2724	2533	2184	4491	5417	5070	5243	6472	9022	5015	12555	8049	7962	7771	3668	118	0	0	0	0
LFQ	35	0	58	861234	63	627	1208	866	2261	9203	9438	11778	2176	1754	4001	162	107	1635	1601	3933	9000	5485	3060	3427	2777	2030	3198	4718	5292	4210	5048	5474	7514	2296	9977	7177	5843	6157	6771	2925	2127	105	0	0	0	0
LFQ	36	0	64	869552	18	16	1583	803	1124	4281	6719	11060	9289	235	2721	2610	58	1438	1538	3248	7651	5788	3156	1808	2362	2857	2561	2006	4437	4880	3779	4667	5097	7497	1964	9486	6911	6078	7170	7084	3004	116	0	0	0	0
LFQ	37	0	65	877208	0	30	1428	849	987	3433	6721	9283	9820	372	2288	2804	93	849	1798	2185	7596	5645	2783	1629	1149	2359	3738	1112	5570	4001	3557	5016	4878	7399	1798	9027	6457	5823	6838	6860	3148	120	0	0	0	0
LFQ	38	0	82	884156	15	626	757	778	1887	7479	9547	8966	1226	1554	3209	78	1032	1774	2518	8014	4782	2313	1869	1754	3117	2032	5228	4032	3259	4906	4624	7074	1574	7981	6012	5439	5149	6362	2553	2438	370	150	0	0	0	0
LFQ	39	0	67	891013	0	20	1223	723	932	2990	5874	8581	8196	258	2204	2378	67	1036	1796	2092	7190	4752	2232	1450	1047	2692	3155	4106	3323	3307	2942	3749	3509	6908	1576	7951	5766	5811	6138	6586	2905	171	0	0	0	0
LFQ	40	0	112	897537	0	38	1183	689	868	2811	5677	8423	7727	258	2028	2277	101	1271	1816	2106	6367	4281	2239	1275	733	2631	3030	3955	4051	2219	4803	4497	6548	1158	6812	4229	4680	4974	7740	3438	1975	159	0	0	0	0
LFQ	41	0	237	903931	0	26	1160	755	738	2841	5196	8067	7551	302	1833	2132	33	992	2088	1851	5653	4348	1810	1162	953	2114	2936	964	4339	3084	2670	4059	3787	6324	1419	7160	5161	5255	5104	5925	2636	120	0	0	0	0
LFQ	42	0	127	910185	0	28	915	620	798	2566	5181	7619	7055	241	1627	1875	88	983	1969	2003	5210	4214	1742	1099	743	2092	2776	1070	4119	3115	2509	3868	3602	6149	1440	7204	4441	5705	5657	4347	1644	90	0	0	0	0
LFQ	43	0	296	916067	0	41	1052	686	552	2624	4665	7026	6494	309	1611	1914	36	1104	2047	2031	4986	4044	1436	901	693	2008	2663	992	3857	2389	2305	3937	3264	6142	1268	6755	4189	5540	5252	3936	1543	61	0	0	0	0
LFQ	44	0	334	920839	1103	39	664	678	507	1435	5306	6765	5940	642	1061	2223	56	1172	2473	3324	4176	3202	743	595	867	2679	2126	2895	2850	2077	2344	2933	2675	5903	1204	6048	3668	5308	5104	3783	912	63	0	0	0	0
LFQ	45	0	414	926442	1096	37	612	692	494	1391	4956	6373	5571	643	979	2005	71	1145	2297	3156	3807	2959	670	585	678	2661	2086	2578	2506	1843	1976	3163	2431	5467	1225	5962	3618	4889	4350	3451	1368	69	0	0	0	0
LFQ	46	0	443	931706	927	62	565	728	449	1318	4565	5950	5132	595	849	1914	78	1130	2286	2864	3673	2821	623	568	626	2492	2032	2279	2561	1828	2058	2716	2360	5100	1217	5450	3272	4960	4335	3252	859	73	0	0	0	0
LFQ	47	0	467	936779	901	65	600	749	444	1292	4315	5493	4782	606	831	1761	92	1088	2109	2639	3379	2692	581	517	634	2334	2006	2109	2436	1690	1899	2578	2244	4861	1418	5099	3868	3832	4918	1756	801	51	0	0	0	0
LFQ	48	0	465	941697	740	68	601	690	419	1364	4096	4796	4568	484	1019	1637	137	332	1722	2249	2227	2589	2162	621	442	804	2336	2834	1475	2004	1371	1582	2186	2406	4746	1745	5444	4616	2796	3486	1652	98	10	0	0	0
LFQ	49	0	209	946584	578	45	365	396	626	868	4148	4703	4275	619	1130	1413	139	242	1427	2042	1677	2845	2131	304	740	528	1823	2773	1450	2633	1067	2330	2443	3966	1258	4489	3133	3715	2705	3294	1555	48	0	0	0	0
LFQ	50	0	183	951246	0	514	333	152	602	843	3039	4759	4139	765	1123	1202	377	95	237	1212	1989	1867	2471	2113	374	581	621	1793	2422	1289	2255	768	2247	2209	3797	1428	4656	3461	3841	3991	1680	42	0	0	0	0
LFQ	51	0	69	955264	149	8	602	25	146	757	2276	3550	3776	680	917	1479	42	532	554	582	784	1664	2331	2115	2061	3113	2292	2066	2425	2301	1711	2596	1993	4564	1517	4747	3206	2093	1063	659	7	0	0	0	0	0
LFQ	52	0	0	958462	265	0	388	208	102	414	665	2220	3769	3287	333	1031	841	425	13	73	268	800	2033	1884	2314	1697	538	522	539	2380	2151	1521	2152	685	2250	2360	4512	2457	5127	4602	2775	653	0	0	0	0
LFQ	53	0	89	961679	180	0	356	186	175	421	761	2141	3474	2898	319	900	849	399	40	141	259	1178	1825	1833	1526	1431	567	245	1570	2362	1154	1981	1022	1813	2708	3781	2131	4179	4499	3248	2034	362	0	0	0	0
LFQ	54	0	184	965028	0	6	448	138	298	557	2055	2592	2995	874	1042	1043	101	350	208	1022	1604	1458	1656	1322	1541	2172	2000	3473	4221	2715	4691	4491	2427	1896	943	460	351	20	136	145	50	3	0	0	0	0
LFQ	55	0	47	968123	96	5	339	17	121	545	1469	2364	2545	826	847	1011	15	474	288	1133	1559	1099	1690	1359	1312	2029	1471	2695	2512	4719	2631	5187	3527	1657	1517	782	325	158	95	61	61	5	0	0	0	0
LFQ	56	0	61	971142	121	5	308	16	118	474	1341	1994	2326	782	666	789	64	550	804	1314	728	1508	1094	461	1588	1874	1539	2162	2165	3730	2620	3739	4159	2481	2352	880	325	167	124	94	44	7	0	0	0	0
LFQ	57	0	161	974114	0	5	261	112	253	299	1318	1508	2040	749	677	627	153	681	984	1032	863	1340	395	961	1485	1411	1443	1508	2601	3304	2146	3392	4064	2612	2393	969	357	199	135	113	40	11	0	0	0	0
LFQ	58	0	146	976949	0	4	221	127	254	308	1210	1310	1796	723	697	511	140	407	677	844	511	1167	833	481	1154	1515	1146	1740	1849	2960	2206	2996	3422	2847	1385	2208	1027	578	151	146	58	12	0	0	0	0
LFQ	59	0	124	979572	0	4	195	137	231	272	1069	1103	1676	739	551	484	141	606	643	955	463	1041	415	379	1294	1377	1066	1801	1577	2747	2083	2596	3017	2558	1436	2146	1022	671	200	207	87	31	0	0	0	0
LFQ	60	0	50	982022	103	3	177	52	98	351	762	1058	1552	739	445	546	105	581	503	910	467	886	486	687	1286	797	1356	1321	1558	2509	1393	2642	2587	1951	1820	2491	1062	703	186	302	122	47	0	0	0	0
LFQ	61	0	58	984429	76	1	80	153	97	288	623	1029	744	804	915	544	316	304	808	652	381	807	518	383	950	1061	1018	1063	1196	1765	2356	1705	2627	1897	1855	1820	1474	735	438	458	257	31	0	0	0	0
LFQ	62	0	59	986791	80	1	67	91	82	208	483	683	506	729	835	372	219	68	304	153	334	716	1170	373	477	372	180	614	1031	737	960	839	716	965	1250	2018	1504	2627	2758	2437	2386	484	37	0	0	0
LFQ	63	0	47	989404	58	0	32	92	80	164	200	614	449	1087	755	431	310	58	255	146	197	530	1143	369	357	205	269	378	448	871	801	917	606	685	941	1369	2202	1962	2932	2196	2285	855	16	0	0	0
LFQ	64	0	42	991787	65	0	48	94	70	169	363	728	368	788	872	526	227	43	249	208	451	1053	371	339	165	212	209	527	767	765	879	674	641	855	1183	1623	1267	2022	2080	1866	1872	248	0	0	0	0
LFQ	65	0	41	993859	100	0	42	86	53	114	218	601	311	964	811	493	215	67	218	155	148	660	840	309	274	183	195	372	393	733	642	770	563	592	760	1125	1763	1604	2238	1709	1900	595	0	0	0	0
LFQ	66	0	44	995759	75	0	33	109	50	148	199	591	249	997	812	494	199	51	239	169	162	672	836	268	220	150	177	410	360	636	603	744	561	435	1053	1025	1382	1338	1878	1436	1684	468	0	0	0	0
LFQ	67	0	44	997411	86	0	36	81	69	148	207	525	222	905	757	455	177	59	242	167	182	654	805	273	180	135	214	385	303	609	540	594	510	409	554	929	971	1480	1638	1788	1543	429	0	0	0	0
LFQ	68	0	65	998676	86	10	24	97	61	137	166	470	181	736	714	414	167	75	231	112	281	599	744	122	161	129	221	475	420	634	519	599	446	370	1009	953	1169	1164	1515	1081	1265	418	0	0	0	0
LFQ	69	0	50	999829	51	6	23	81	39	112	123	329	107	597	530	247	142	58	258	122	390	575	871	122	174	111	216	445	441	583	457	570	482	389	1018	857	1169	1150	1420	914	1256	401	1	0	0	0
LFQ	70	0	54	1000907	43	10	21	62	42	104	118	307	117	584	499	286	126	72	219	91	194	431	608	189	193	93	198	245	393	468	570	487	559	396	552	781	885	1333	1488	1399	1244	348	0	0	0	0
LFQ	71	0	48	1001900	51	5	23	41	47	80	110	314	126	523	533	340	144	97	207	165	293	503	96	202	98	109	217	399	329	471	457	476	426	191	775	687	690	1254	1340	1327	1138	484	0	0	0	0
LFQ	72	0	51	1002827	62	7	28	45	39	97	116	361	111	555	536	396	111	100	191	134	294	496	102	202	84	84	247	342	301	447	442	339	351	279	386	615	722	1208	1142	1310	983	571	2	0	0	0
LFQ	73	0	38	1003594	34	7	19	35	18	88	95	305	114	477	436	249	91	73	159	112	138	354	551	132	114	115	189	353	286	367	390	277	348	332	287	763	785	1134	1102	1285	894	576	0	0	0	0
LFQ	74	0	41	1004353	23	45	20	35	9	31	113	84	214	437	405	170	102	37	212	95	125	373	504	150	148	72	168	221	359	337	432	391	418	287	642	633	546	1044	1071	1082	985	302	0	0	0	0
LFQ	75	0	46	1005056	11	47	11	34	7	32	110	95	156	349	273	95	84	13	185	51	128	305	443	117	112	87	120	220	278	252	405	334	432	398	324	754	736	1017	829	1301	579	814	76	0	0	0
LFQ	76	0	32	1005674	17	36	22	40	5	38	120	106	166	325	308	116	85	31	166	22	67	139	241	303	90	138	103	175	335	214	357	319	390	341	291	719	670	1069	1029	1138	792	487	0	0	0	0
LFQ	77	0	29	1006345	13	31	20	32	13	30	100	89	179	284	276	127	94	44	145	50	61	225	264	105	114	65	190	276	207	338	301	319	403	223	561	542	546	908	924	1054	783	406	0	0	0	0
LFQ	78	0	25	1006934	16	43	29	35	8	27	89	76	249	365	305	148	261	29	135	52	71	183	279	82	101	61	88	136	255	144	288	207	280	318	169	589	513	703	764	1241	549	798	71	0	0	0
LFQ	79	0	15	1007498	11	53	21	25	4	30	84	88	345	359	329	139	61	23	158	49	102	260	329	72	100	86	127	204	179	230	205	252	216	292	152	492	474	564	577	1203	533	709	66	0	0	0
LFQ	80	0	28	1008024	13	36	13	24	2	22	77	77	149	211	182	74	46	94	134	137	287	378	137	87	52	139	272	174	227	226	302	280	237	385	485	401	611	398	770	606	541	378	0	0	0	0
LFQ	81	0	18	1008529	10	24	13	15	5	25	64	52	119	169	142	63	47	15	107	64	68	224	233	63	87	76	127	250	183	227	230	280	258	230	371	541	463	726	623	913	382	614	66	0	0	0
LFQ	82	0	18	1009026	10	40	14	14	4	30	81	60	110	118	134	54	39	9	78	21	51	78	126	187	37	99	98	112	175	147	235	254	275	313	190	476	450	581	606	1097	533	653	83	0	0	0
LFQ	83	0	23	1009495	17	32	16	27	12	19	64	40	120	142	120	44	67	15	73	31	34	113	140	47	48	59	79	181	111	168	175	186	184	252	201	421	399	485	536	1009	680	592	259	0	0	0
LFQ	84	0	21	1010019	10	29	17	19	3	14	67	57	135	160	130	37	59	13	79	31	60	103	140	59	30	52	103	158	101	135	161	182	203	183	262	379	372	571	475	994	367	636	90	0	0	0
LFQ	85	0	15	1010459	11	32	19	19	1	21	78	37	132	126	123	31	47	27	64	51	62	87	184	16	55	74	130	103	125	153	121	241	207	114	306	324	370	451	620	755	279	572	74	0	0	0
LFQ	86	0	11	1010804	29	9	22	1	20	71	40	167	115	41	31	34	103	117	37	70	73	25	83	144	105	147	182	178	179	131	302	174	194	342	142	353	355	259	406	397	433	374	16	0	0	0
LFQ	87	0	5	1011123	12	29	14	12	1	11	70	38	97	64	68	25	33	19	57	42	73	110	27	53	26	41	120	90	119	87	111	129	126	201	240	303	305	435	389	638	550	440	364	19	0	0
LFQ	88	0	14	1011502	4	24	14	11	2	21	76	41	110	78	65	15	24	16	66	46	72	72	36	58	22	40	116	99	87	111	86	138	104	206	122	279	244	321	397	697	560	379	326	15	0	0
LFQ	89	0	7	1012041	5	16	18	8	2	13	44	25	82	66	56	17	29	19	44	28	43	66	61	30	30	40	93	73	101	71	88	102	137	143	145	224	314	348	392	598	478	339	272	8	0	0
LFQ	90	0	5	1012581	1	11	18	6	0	14	55	31	114	93	64	22	55	20	49	29	41	57	56	38	12	32	85	78	85	61	111	74	153	175	94	253	185	302	352	478	337	238	247	4	0	0
LFQ	91	0	7	1012966	6	23	11	0	2	9	56	30	145	72	52	49	67	28	45	26	32	54	55	61	17	54	77	61	66	103	41	82	83	98	121	181	237	239	332	422	334	202	167	3	0	0
LFQ	92	0	3	1013226	3	6	13	1	7	3	33	19	91	39	36	32	20	22	26	31	61	54	108	30	14	53	63	71	72	78	83	75	131	85	130	158	196	231	276	253	416	134	296	37	0	0
LFQ	93	0	0	1013467	0	2	15	0	1	0	4	23	17	40	28	30	2	14	6	33	38	31	70	42	11	38	54	54	66	79	80	68	60	131	140	173	217	251	299	315	377	83	311	46	0	0
LFQ	94	0	2	1013752	0	3	14	2	0	0	6	18	15	39	21	23	6	16	5	13	22	28	25	38	21	18	49	37	63	52	37	59	56	123	129	151	172	221	245	288	451	148	306	42	0	0
LFQ	95	0	1	1014099	0	1	14	0	0	0	2	18	12	36	20	24	3	10	2	17	5	11	29	21	14	38	43	36	37	39	52	40	102	99	85	169	163	131	286	331	310	74	297	45	0	0
LFQ	96	0	0	1014446	0	2	8	0	0	1	5	13	8	31	16	11	13	7	3	12	12	6	17	9	17	10	29	37	51	31	35	21	39	67	80	48	128	126	124	293	398	229	185	148	0	0
LFQ	97	0	0	1014759	0	3	3	0	0	1	4	18	3	24	18	20	1	9	7	10	8	11	11	18	7	34	26	30	29	27	31	25	47	82	57	104	95	144	185	165	253	163	151	133	0	0
LFQ	98	0	0	1015026	0	0	2	1	0	0	0	1	5	3	13	5	3	4	2	8	8	11	14	15	3	14	25	18	31	33	17	26	13	63	58	78	116	153	165	194	258	79	227	24	0	0
LFQ	99	0	0	1015299	0	0	1	0	0	0	0	1	0	2	1	3	5	2	1	1	5	5	16	6	4	17	15	13	15	9	32	12	79	29	62	61	158	136	184	211	81	229	21	0	0	0
LFQ	100	0	0	1015556	0	0	0	0	0	0	0	0	1	0	2	1	0	0	1	0	4	6	14	3	13	18	23	11	12	24	9	44	34	51	94	104	96	144	201	54	174	22	0	0	0	0
# GC Content of first fragments. Use `grep ^GCF | cut -f 2-` to extract this part.
GCF	0.25	0
GCF	1.01	2
GCF	2.01	4
GCF	3.02	13
GCF	4.02	16
GCF	5.53	13
GCF	7.04	27
GCF	8.04	28
GCF	9.05	29
GCF	10.05	56
GCF	11.06	59
GCF	12.06	90
GCF	13.07	106
GCF	14.07	158
GCF	15.08	284
GCF	16.08	408
GCF	17.09	563
GCF	18.09	975
GCF	19.10	1378
GCF	20.10	1955
GCF	21.11	2708
GCF	22.11	3604
GCF	23.12	4783
GCF	24.12	6336
GCF	25.13	7864
GCF	26.13	9794
GCF	27.14	12007
GCF	28.14	14368
GCF	29.15	16648
GCF	30.15	19098
GCF	31.16	21540
GCF	32.16	24003
GCF	33.17	26514
GCF	34.17	28694
GCF	35.18	30337
GCF	36.18	32258
GCF	37.19	33564
GCF	38.19	34984
GCF	39.20	35666
GCF	40.20	36127
GCF	41.21	36738
GCF	42.21	36176
GCF	43.22	36443
GCF	44.22	35818
GCF	45.23	35267
GCF	46.23	33992
GCF	47.24	33177
GCF	48.24	31734
GCF	49.25	30539
GCF	50.25	29248
GCF	51.26	28150
GCF	52.26	26088
GCF	53.27	24613
GCF	54.27	22683
GCF	55.28	20947
GCF	56.28	19372
GCF	57.29	17322
GCF	58.29	15782
GCF	59.30	14062
GCF	60.30	12517
GCF	61.31	11134
GCF	62.31	9552
GCF	63.32	8369
GCF	64.32	7298
GCF	65.33	6111
GCF	66.33	5174
GCF	67.34	4228
GCF	68.34	3500
GCF	69.35	2884
GCF	70.35	2335
GCF	71.36	1803
GCF	72.36	1526
GCF	73.37	1183
GCF	74.37	971
GCF	75.38	672
GCF	76.38	554
GCF	77.39	424
GCF	78.39	330
GCF	79.40	255
GCF	80.40	193
GCF	81.41	145
GCF	82.41	96
GCF	83.42	69
GCF	84.42	60
GCF	85.43	32
GCF	86.43	31
GCF	87.44	13
GCF	88.44	16
GCF	89.45	6
GCF	90.45	2
GCF	91.96	3
GCF	93.47	0
GCF	94.47	1
GCF	95.98	0
GCF	97.49	1
# GC Content of last fragments. Use `grep ^GCL | cut -f 2-` to extract this part.
GCL	0.75	0
GCL	2.01	1
GCL	3.02	0
GCL	4.02	2
GCL	5.03	0
GCL	6.03	2
GCL	7.04	8
GCL	8.04	12
GCL	9.05	16
GCL	10.05	27
GCL	11.06	29
GCL	12.06	58
GCL	13.07	72
GCL	14.07	112
GCL	15.08	178
GCL	16.08	243
GCL	17.09	428
GCL	18.09	727
GCL	19.10	979
GCL	20.10	1443
GCL	21.11	2180
GCL	22.11	3094
GCL	23.12	4141
GCL	24.12	5615
GCL	25.13	7140
GCL	26.13	9300
GCL	27.14	11306
GCL	28.14	13939
GCL	29.15	16269
GCL	30.15	19449
GCL	31.16	22002
GCL	32.16	25185
GCL	33.17	27669
GCL	34.17	30359
GCL	35.18	32474
GCL	36.18	34836
GCL	37.19	36494
GCL	38.19	37512
GCL	39.20	38390
GCL	40.20	38959
GCL	41.21	39672
GCL	42.21	39320
GCL	43.22	38609
GCL	44.22	37750
GCL	45.23	37144
GCL	46.23	35879
GCL	47.24	34777
GCL	48.24	32906
GCL	49.25	31165
GCL	50.25	29019
GCL	51.26	27146
GCL	52.26	25492
GCL	53.27	23330
GCL	54.27	21341
GCL	55.28	19208
GCL	56.28	17328
GCL	57.29	15589
GCL	58.29	13644
GCL	59.30	12277
GCL	60.30	10701
GCL	61.31	9372
GCL	62.31	7871
GCL	63.32	6693
GCL	64.32	5471
GCL	65.33	4665
GCL	66.33	3909
GCL	67.34	3243
GCL	68.34	2514
GCL	69.35	2180
GCL	70.35	1763
GCL	71.36	1351
GCL	72.36	1028
GCL	73.37	881
GCL	74.37	669
GCL	75.38	518
GCL	76.38	403
GCL	77.39	330
GCL	78.39	244
GCL	79.40	182
GCL	80.40	126
GCL	81.41	85
GCL	82.41	83
GCL	83.42	48
GCL	84.42	36
GCL	85.43	28
GCL	86.43	30
GCL	87.44	16
GCL	88.44	13
GCL	89.45	8
GCL	90.45	3
GCL	91.96	2
GCL	93.47	1
GCL	95.48	0
GCL	97.49	1
# ACGT content per cycle. Use `grep ^GCC | cut -f 2-` to extract this part. The columns are: cycle; A,C,G,T base counts as a percentage of all A/C/G/T bases [%]; and N and O counts as a percentage of all A/C/G/T bases [%]
GCC	1	31.68	21.57	17.81	28.94	0.31	0.00
GCC	2	31.55	20.62	18.65	29.19	0.11	0.00
GCC	3	29.99	20.56	19.74	29.72	0.09	0.00
GCC	4	29.18	20.80	21.11	28.92	0.13	0.00
GCC	5	29.55	20.05	21.55	28.86	0.58	0.00
GCC	6	29.28	21.33	21.83	27.55	0.74	0.00
GCC	7	29.09	20.59	21.51	28.81	0.69	0.00
GCC	8	29.07	21.05	21.23	28.65	0.73	0.00
GCC	9	28.87	21.02	21.25	28.86	1.15	0.00
GCC	10	29.29	20.91	21.44	28.35	1.39	0.00
GCC	11	29.13	20.88	21.56	28.43	1.19	0.00
GCC	12	29.00	20.95	21.44	28.61	1.09	0.00
GCC	13	28.91	20.83	21.42	28.84	0.80	0.00
GCC	14	28.92	20.81	21.54	28.73	0.06	0.00
GCC	15	28.82	21.01	21.51	28.66	0.01	0.00
GCC	16	28.72	21.04	21.59	28.65	0.03	0.00
GCC	17	28.55	21.02	21.71	28.71	0.02	0.00
GCC	18	28.45	21.14	21.74	28.66	0.02	0.00
GCC	19	28.39	21.24	21.65	28.71	0.01	0.00
GCC	20	28.33	21.32	21.54	28.81	0.01	0.00
GCC	21	28.30	21.28	21.72	28.70	0.01	0.00
GCC	22	28.12	21.46	21.81	28.62	0.01	0.00
GCC	23	28.20	21.34	21.88	28.59	0.01	0.00
GCC	24	28.03	21.47	22.04	28.46	0.04	0.00
GCC	25	28.10	21.39	22.06	28.45	0.03	0.00
GCC	26	27.96	21.48	22.17	28.39	0.11	0.00
GCC	27	27.93	21.45	22.25	28.38	0.24	0.00
GCC	28	27.88	21.59	22.26	28.27	0.11	0.00
GCC	29	27.94	21.46	22.34	28.26	0.01	0.00
GCC	30	27.97	21.47	22.37	28.20	0.01	0.00
GCC	31	27.87	21.47	22.53	28.13	0.02	0.00
GCC	32	27.79	21.39	22.74	28.09	0.02	0.00
GCC	33	27.84	21.50	22.75	27.90	0.02	0.00
GCC	34	28.08	21.44	22.51	27.98	0.02	0.00
GCC	35	27.95	21.86	22.36	27.83	0.03	0.00
GCC	36	27.87	21.96	22.36	27.81	0.03	0.00
GCC	37	27.89	21.95	22.39	27.78	0.03	0.00
GCC	38	27.87	21.87	22.44	27.81	0.03	0.00
GCC	39	27.91	21.97	22.43	27.69	0.03	0.00
GCC	40	27.80	21.99	22.47	27.74	0.03	0.00
GCC	41	27.90	21.91	22.53	27.66	0.03	0.00
GCC	42	27.82	22.00	22.51	27.66	0.03	0.00
GCC	43	27.78	21.92	22.51	27.79	0.03	0.00
GCC	44	27.72	21.94	22.51	27.83	0.23	0.00
GCC	45	27.70	21.99	22.57	27.74	0.30	0.00
GCC	46	27.73	21.95	22.57	27.75	0.35	0.00
GCC	47	27.68	21.98	22.65	27.69	0.35	0.00
GCC	48	27.62	22.04	22.59	27.74	0.16	0.00
GCC	49	27.73	22.01	22.54	27.71	0.03	0.00
GCC	50	27.82	22.06	22.48	27.65	0.03	0.00
GCC	51	27.87	21.84	21.92	28.36	0.12	0.00
GCC	52	27.82	21.86	22.01	28.32	0.26	0.00
GCC	53	27.84	21.82	21.96	28.38	0.32	0.00
GCC	54	27.51	22.46	21.89	28.14	0.06	0.00
GCC	55	27.73	22.35	21.89	28.03	0.04	0.00
GCC	56	27.65	22.40	21.85	28.10	0.05	0.00
GCC	57	27.77	22.35	21.84	28.05	0.04	0.00
GCC	58	27.67	22.44	21.79	28.10	0.04	0.00
GCC	59	27.70	22.41	21.87	28.02	0.04	0.00
GCC	60	27.68	22.48	21.86	27.99	0.05	0.00
GCC	61	27.76	22.43	21.86	27.95	0.05	0.00
GCC	62	27.83	22.02	21.96	28.18	0.05	0.00
GCC	63	27.73	21.92	22.06	28.30	0.04	0.00
GCC	64	27.80	21.93	22.09	28.17	0.03	0.00
GCC	65	27.83	21.84	22.21	28.12	0.04	0.00
GCC	66	27.77	21.98	22.29	27.95	0.06	0.00
GCC	67	27.68	22.14	22.20	27.98	0.08	0.00
GCC	68	27.76	22.13	21.98	28.13	0.06	0.00
GCC	69	27.68	22.12	22.00	28.20	0.05	0.00
GCC	70	27.70	22.09	21.96	28.25	0.05	0.00
GCC	71	27.66	22.10	22.02	28.22	0.04	0.00
GCC	72	27.64	22.10	22.08	28.18	0.04	0.00
GCC	73	27.68	22.08	22.05	28.19	0.05	0.00
GCC	74	27.59	22.12	22.09	28.20	0.05	0.00
GCC	75	27.52	22.18	22.25	28.05	0.06	0.00
GCC	76	27.80	22.23	21.37	28.60	0.06	0.00
GCC	77	27.74	22.21	21.43	28.61	0.06	0.00
GCC	78	27.73	22.18	21.55	28.54	0.05	0.00
GCC	79	27.79	22.23	21.45	28.52	0.05	0.00
GCC	80	27.83	22.28	21.50	28.38	0.06	0.00
GCC	81	27.82	22.21	21.50	28.47	0.06	0.00
GCC	82	27.75	22.17	21.66	28.42	0.06	0.00
GCC	83	27.73	22.20	21.62	28.45	0.06	0.00
GCC	84	27.76	22.28	21.61	28.35	0.06	0.00
GCC	85	27.70	22.39	21.55	28.37	0.06	0.00
GCC	86	27.73	22.39	21.55	28.33	0.06	0.00
GCC	87	27.75	22.41	21.55	28.29	0.06	0.00
GCC	88	27.70	22.31	21.51	28.47	0.07	0.00
GCC	89	27.59	22.49	21.49	28.44	0.07	0.00
GCC	90	27.75	22.66	21.26	28.33	0.06	0.00
GCC	91	27.61	22.49	21.43	28.47	0.06	0.00
GCC	92	27.57	22.55	21.42	28.47	0.06	0.00
GCC	93	27.58	22.64	21.40	28.37	0.07	0.00
GCC	94	27.48	22.73	21.37	28.42	0.07	0.00
GCC	95	27.52	22.56	21.47	28.46	0.06	0.00
GCC	96	27.46	22.68	21.47	28.40	0.07	0.00
GCC	97	27.34	22.71	21.34	28.60	0.17	0.00
GCC	98	27.44	22.69	21.24	28.63	0.23	0.00
GCC	99	27.33	22.55	21.71	28.41	1.55	0.00
GCC	100	27.39	22.71	21.47	28.42	0.22	0.00
# ACGT content per cycle, read oriented. Use `grep ^GCT | cut -f 2-` to extract this part. The columns are: cycle; A,C,G,T base counts as a percentage of all A/C/G/T bases [%]
GCT	1	31.72	21.62	17.77	28.90
GCT	2	31.59	20.63	18.63	29.15
GCT	3	29.99	20.57	19.73	29.71
GCT	4	29.18	20.79	21.11	28.92
GCT	5	29.55	20.03	21.57	28.85
GCT	6	29.30	21.32	21.85	27.53
GCT	7	29.09	20.58	21.52	28.81
GCT	8	29.08	21.04	21.24	28.64
GCT	9	28.87	21.01	21.26	28.86
GCT	10	29.30	20.91	21.44	28.34
GCT	11	29.15	20.88	21.56	28.40
GCT	12	29.00	20.94	21.45	28.61
GCT	13	28.92	20.82	21.42	28.84
GCT	14	28.93	20.80	21.55	28.72
GCT	15	28.81	21.00	21.52	28.67
GCT	16	28.74	21.04	21.60	28.63
GCT	17	28.55	21.02	21.72	28.72
GCT	18	28.45	21.14	21.75	28.66
GCT	19	28.38	21.23	21.67	28.72
GCT	20	28.32	21.30	21.56	28.82
GCT	21	28.28	21.27	21.73	28.72
GCT	22	28.11	21.45	21.81	28.63
GCT	23	28.18	21.33	21.89	28.61
GCT	24	28.03	21.46	22.06	28.46
GCT	25	28.08	21.37	22.08	28.47
GCT	26	27.95	21.46	22.18	28.40
GCT	27	27.92	21.44	22.26	28.38
GCT	28	27.87	21.57	22.28	28.28
GCT	29	27.93	21.43	22.37	28.27
GCT	30	27.97	21.45	22.39	28.19
GCT	31	27.86	21.45	22.55	28.13
GCT	32	27.79	21.38	22.74	28.09
GCT	33	27.84	21.49	22.77	27.91
GCT	34	28.08	21.43	22.52	27.98
GCT	35	27.97	21.86	22.36	27.81
GCT	36	27.88	21.95	22.36	27.81
GCT	37	27.89	21.95	22.38	27.77
GCT	38	27.88	21.88	22.43	27.81
GCT	39	27.92	21.98	22.43	27.68
GCT	40	27.80	22.00	22.46	27.74
GCT	41	27.91	21.91	22.53	27.66
GCT	42	27.83	22.00	22.52	27.65
GCT	43	27.78	21.92	22.51	27.80
GCT	44	27.71	21.93	22.52	27.84
GCT	45	27.71	21.99	22.57	27.73
GCT	46	27.73	21.95	22.57	27.75
GCT	47	27.69	21.97	22.66	27.68
GCT	48	27.62	22.04	22.60	27.74
GCT	49	27.75	22.02	22.54	27.70
GCT	50	27.82	22.06	22.48	27.65
GCT	51	27.87	21.84	21.92	28.37
GCT	52	27.81	21.85	22.02	28.33
GCT	53	27.82	21.81	21.97	28.40
GCT	54	27.50	22.48	21.87	28.15
GCT	55	27.72	22.37	21.87	28.03
GCT	56	27.65	22.41	21.84	28.10
GCT	57	27.76	22.36	21.83	28.05
GCT	58	27.66	22.46	21.78	28.11
GCT	59	27.70	22.44	21.84	28.02
GCT	60	27.67	22.50	21.83	27.99
GCT	61	27.75	22.44	21.85	27.96
GCT	62	27.82	22.02	21.97	28.20
GCT	63	27.72	21.91	22.06	28.31
GCT	64	27.79	21.93	22.10	28.19
GCT	65	27.82	21.83	22.22	28.13
GCT	66	27.77	21.97	22.30	27.96
GCT	67	27.66	22.14	22.20	28.00
GCT	68	27.75	22.14	21.97	28.14
GCT	69	27.67	22.12	21.99	28.22
GCT	70	27.68	22.09	21.96	28.27
GCT	71	27.65	22.11	22.01	28.22
GCT	72	27.63	22.11	22.07	28.20
GCT	73	27.66	22.09	22.04	28.21
GCT	74	27.58	22.13	22.08	28.21
GCT	75	27.51	22.19	22.24	28.06
GCT	76	27.79	22.25	21.35	28.61
GCT	77	27.73	22.23	21.42	28.63
GCT	78	27.71	22.21	21.52	28.56
GCT	79	27.78	22.26	21.43	28.53
GCT	80	27.82	22.30	21.48	28.40
GCT	81	27.81	22.22	21.49	28.48
GCT	82	27.74	22.18	21.65	28.43
GCT	83	27.71	22.21	21.61	28.47
GCT	84	27.74	22.30	21.59	28.37
GCT	85	27.68	22.41	21.53	28.38
GCT	86	27.71	22.42	21.52	28.35
GCT	87	27.74	22.43	21.53	28.30
GCT	88	27.69	22.33	21.50	28.48
GCT	89	27.57	22.50	21.48	28.45
GCT	90	27.74	22.68	21.24	28.34
GCT	91	27.59	22.50	21.43	28.49
GCT	92	27.56	22.55	21.41	28.48
GCT	93	27.57	22.65	21.39	28.38
GCT	94	27.46	22.75	21.35	28.44
GCT	95	27.49	22.56	21.47	28.48
GCT	96	27.44	22.68	21.46	28.42
GCT	97	27.33	22.73	21.32	28.62
GCT	98	27.42	22.70	21.23	28.65
GCT	99	27.31	22.56	21.71	28.43
GCT	100	27.37	22.72	21.47	28.45
# ACGT content per cycle for first fragments. Use `grep ^FBC | cut -f 2-` to extract this part. The columns are: cycle; A,C,G,T base counts as a percentage of all A/C/G/T bases [%]; and N and O counts as a percentage of all A/C/G/T bases [%]
FBC	1	32.15	22.41	16.97	28.47	0.34	0.00
FBC	2	31.78	21.39	17.46	29.38	0.00	0.00
FBC	3	30.41	20.97	18.45	30.16	0.00	0.00
FBC	4	29.82	20.84	20.17	29.18	0.00	0.00
FBC	5	29.62	20.00	21.60	28.77	0.02	0.00
FBC	6	29.30	21.30	21.85	27.55	0.00	0.00
FBC	7	29.24	20.62	21.39	28.75	0.00	0.00
FBC	8	29.26	21.04	21.06	28.64	0.00	0.00
FBC	9	29.10	21.03	21.10	28.76	0.00	0.00
FBC	10	29.40	21.05	21.29	28.26	0.01	0.00
FBC	11	29.33	20.92	21.35	28.39	0.02	0.00
FBC	12	29.15	20.96	21.35	28.54	0.01	0.00
FBC	13	29.04	20.87	21.38	28.72	0.00	0.00
FBC	14	29.00	20.98	21.46	28.56	0.00	0.00
FBC	15	28.83	21.07	21.53	28.56	0.00	0.00
FBC	16	28.61	21.15	21.64	28.60	0.00	0.00
FBC	17	28.62	21.12	21.71	28.55	0.00	0.00
FBC	18	28.40	21.32	21.79	28.48	0.00	0.00
FBC	19	28.44	21.44	21.53	28.60	0.00	0.00
FBC	20	28.28	21.61	21.41	28.70	0.01	0.00
FBC	21	28.34	21.39	21.64	28.63	0.01	0.00
FBC	22	27.99	21.77	21.79	28.45	0.01	0.00
FBC	23	28.10	21.53	21.95	28.42	0.01	0.00
FBC	24	27.79	21.82	22.13	28.26	0.08	0.00
FBC	25	27.97	21.68	22.15	28.20	0.05	0.00
FBC	26	27.86	21.83	22.23	28.09	0.18	0.00
FBC	27	27.91	21.58	22.34	28.17	0.01	0.00
FBC	28	27.80	21.84	22.38	27.97	0.02	0.00
FBC	29	27.98	21.58	22.45	27.98	0.02	0.00
FBC	30	27.82	21.74	22.56	27.87	0.02	0.00
FBC	31	27.77	21.66	22.76	27.81	0.02	0.00
FBC	32	27.67	21.61	22.98	27.74	0.02	0.00
FBC	33	27.78	21.60	23.02	27.60	0.02	0.00
FBC	34	27.91	21.62	22.77	27.70	0.03	0.00
FBC	35	27.96	21.67	22.71	27.67	0.03	0.00
FBC	36	27.72	21.86	22.70	27.73	0.03	0.00
FBC	37	27.76	21.74	22.77	27.73	0.03	0.00
FBC	38	27.67	21.76	22.80	27.77	0.03	0.00
FBC	39	27.82	21.80	22.82	27.56	0.03	0.00
FBC	40	27.53	21.95	22.80	27.73	0.03	0.00
FBC	41	27.76	21.72	22.90	27.61	0.03	0.00
FBC	42	27.66	21.96	22.79	27.59	0.03	0.00
FBC	43	27.91	21.70	22.58	27.80	0.03	0.00
FBC	44	27.75	21.82	22.55	27.88	0.03	0.00
FBC	45	27.86	21.76	22.61	27.77	0.03	0.00
FBC	46	27.85	21.75	22.62	27.78	0.03	0.00
FBC	47	27.84	21.76	22.68	27.71	0.03	0.00
FBC	48	27.73	21.86	22.64	27.78	0.03	0.00
FBC	49	27.76	21.79	22.63	27.82	0.03	0.00
FBC	50	27.72	21.99	22.58	27.71	0.03	0.00
FBC	51	27.79	21.90	22.46	27.85	0.03	0.00
FBC	52	27.63	22.00	22.53	27.83	0.03	0.00
FBC	53	27.68	21.91	22.45	27.96	0.03	0.00
FBC	54	27.50	22.09	22.53	27.88	0.04	0.00
FBC	55	27.59	22.06	22.57	27.78	0.04	0.00
FBC	56	27.53	22.22	22.48	27.77	0.04	0.00
FBC	57	27.67	21.99	22.54	27.80	0.03	0.00
FBC	58	27.49	22.18	22.54	27.79	0.03	0.00
FBC	59	27.58	22.06	22.61	27.76	0.03	0.00
FBC	60	27.59	22.22	22.45	27.74	0.03	0.00
FBC	61	27.67	22.08	22.55	27.70	0.03	0.00
FBC	62	27.69	22.05	22.57	27.69	0.03	0.00
FBC	63	27.61	22.03	22.55	27.80	0.03	0.00
FBC	64	27.59	22.15	22.55	27.72	0.03	0.00
FBC	65	27.66	21.91	22.75	27.68	0.03	0.00
FBC	66	27.63	22.01	22.89	27.47	0.04	0.00
FBC	67	27.52	22.27	22.76	27.44	0.04	0.00
FBC	68	27.65	22.26	22.59	27.50	0.04	0.00
FBC	69	27.46	22.25	22.60	27.69	0.04	0.00
FBC	70	27.44	22.29	22.61	27.66	0.04	0.00
FBC	71	27.42	22.27	22.69	27.62	0.04	0.00
FBC	72	27.39	22.21	22.79	27.60	0.05	0.00
FBC	73	27.37	22.28	22.66	27.68	0.05	0.00
FBC	74	27.24	22.32	22.72	27.73	0.05	0.00
FBC	75	27.09	22.34	23.06	27.52	0.05	0.00
FBC	76	27.63	22.62	21.26	28.49	0.05	0.00
FBC	77	27.69	22.53	21.38	28.40	0.05	0.00
FBC	78	27.70	22.54	21.48	28.28	0.06	0.00
FBC	79	27.64	22.52	21.41	28.43	0.06	0.00
FBC	80	27.65	22.64	21.49	28.22	0.06	0.00
FBC	81	27.71	22.53	21.45	28.31	0.06	0.00
FBC	82	27.64	22.56	21.60	28.20	0.05	0.00
FBC	83	27.61	22.47	21.58	28.34	0.05	0.00
FBC	84	27.73	22.66	21.43	28.19	0.05	0.00
FBC	85	27.57	22.67	21.46	28.30	0.05	0.00
FBC	86	27.71	22.73	21.33	28.23	0.05	0.00
FBC	87	27.79	22.70	21.35	28.16	0.06	0.00
FBC	88	27.90	22.58	21.22	28.31	0.07	0.00
FBC	89	27.71	22.71	21.32	28.26	0.07	0.00
FBC	90	27.86	23.00	20.97	28.16	0.07	0.00
FBC	91	27.68	22.62	21.34	28.37	0.06	0.00
FBC	92	27.60	22.75	21.21	28.43	0.06	0.00
FBC	93	27.65	22.93	21.10	28.32	0.06	0.00
FBC	94	27.54	23.08	21.02	28.36	0.06	0.00
FBC	95	27.62	22.93	21.11	28.35	0.06	0.00
FBC	96	27.49	23.01	21.16	28.33	0.09	0.00
FBC	97	27.44	23.00	21.05	28.51	0.27	0.00
FBC	98	27.52	23.08	20.88	28.52	0.41	0.00
FBC	99	27.22	22.85	21.72	28.20	3.09	0.00
FBC	100	27.40	23.09	21.20	28.31	0.38	0.00
# ACGT raw counters for first fragments. Use `grep ^FTC | cut -f 2-` to extract this part. The columns are: A,C,G,T,N base counters
FTC	28466505	22313704	22257863	28556042	77486
# ACGT content per cycle for last fragments. Use `grep ^LBC | cut -f 2-` to extract this part. The columns are: cycle; A,C,G,T base counts as a percentage of all A/C/G/T bases [%]; and N and O counts as a percentage of all A/C/G/T bases [%]
LBC	1	31.21	20.73	18.66	29.40	0.28	0.00
LBC	2	31.33	19.84	19.84	28.99	0.23	0.00
LBC	3	29.56	20.14	21.02	29.27	0.17	0.00
LBC	4	28.54	20.76	22.05	28.66	0.26	0.00
LBC	5	29.47	20.10	21.49	28.94	1.14	0.00
LBC	6	29.27	21.37	21.82	27.55	1.49	0.00
LBC	7	28.93	20.57	21.63	28.87	1.38	0.00
LBC	8	28.88	21.07	21.40	28.66	1.46	0.00
LBC	9	28.63	21.01	21.40	28.96	2.32	0.00
LBC	10	29.18	20.77	21.60	28.45	2.81	0.00
LBC	11	28.93	20.85	21.77	28.46	2.39	0.00
LBC	12	28.83	20.94	21.55	28.68	2.18	0.00
LBC	13	28.79	20.79	21.45	28.97	1.61	0.00
LBC	14	28.83	20.65	21.62	28.90	0.11	0.00
LBC	15	28.80	20.94	21.50	28.76	0.03	0.00
LBC	16	28.84	20.93	21.54	28.69	0.06	0.00
LBC	17	28.49	20.93	21.70	28.88	0.04	0.00
LBC	18	28.50	20.96	21.70	28.85	0.03	0.00
LBC	19	28.35	21.05	21.78	28.82	0.01	0.00
LBC	20	28.38	21.02	21.68	28.93	0.01	0.00
LBC	21	28.25	21.16	21.80	28.78	0.02	0.00
LBC	22	28.25	21.14	21.82	28.79	0.02	0.00
LBC	23	28.29	21.15	21.81	28.76	0.02	0.00
LBC	24	28.27	21.12	21.96	28.66	0.00	0.00
LBC	25	28.23	21.10	21.97	28.71	0.00	0.00
LBC	26	28.06	21.13	22.11	28.70	0.03	0.00
LBC	27	27.94	21.33	22.15	28.58	0.46	0.00
LBC	28	27.96	21.33	22.14	28.57	0.20	0.00
LBC	29	27.91	21.33	22.23	28.54	0.00	0.00
LBC	30	28.11	21.20	22.18	28.52	0.01	0.00
LBC	31	27.97	21.29	22.30	28.44	0.01	0.00
LBC	32	27.90	21.17	22.49	28.44	0.01	0.00
LBC	33	27.91	21.41	22.49	28.20	0.01	0.00
LBC	34	28.25	21.25	22.24	28.26	0.02	0.00
LBC	35	27.94	22.05	22.01	27.99	0.03	0.00
LBC	36	28.02	22.06	22.02	27.90	0.04	0.00
LBC	37	28.02	22.16	22.00	27.82	0.04	0.00
LBC	38	28.08	21.98	22.09	27.86	0.04	0.00
LBC	39	28.00	22.15	22.04	27.82	0.04	0.00
LBC	40	28.07	22.03	22.14	27.75	0.03	0.00
LBC	41	28.04	22.10	22.15	27.71	0.03	0.00
LBC	42	27.99	22.05	22.23	27.73	0.03	0.00
LBC	43	27.65	22.13	22.43	27.79	0.03	0.00
LBC	44	27.69	22.06	22.47	27.79	0.43	0.00
LBC	45	27.55	22.22	22.52	27.70	0.57	0.00
LBC	46	27.61	22.15	22.52	27.72	0.68	0.00
LBC	47	27.52	22.19	22.61	27.67	0.67	0.00
LBC	48	27.51	22.23	22.55	27.71	0.30	0.00
LBC	49	27.71	22.23	22.46	27.60	0.03	0.00
LBC	50	27.92	22.12	22.38	27.59	0.03	0.00
LBC	51	27.96	21.78	21.38	28.88	0.22	0.00
LBC	52	28.00	21.71	21.48	28.81	0.49	0.00
LBC	53	28.00	21.72	21.48	28.80	0.60	0.00
LBC	54	27.53	22.83	21.25	28.40	0.09	0.00
LBC	55	27.86	22.64	21.22	28.27	0.05	0.00
LBC	56	27.77	22.58	21.23	28.42	0.05	0.00
LBC	57	27.87	22.70	21.14	28.29	0.05	0.00
LBC	58	27.84	22.70	21.04	28.41	0.05	0.00
LBC	59	27.82	22.76	21.13	28.28	0.06	0.00
LBC	60	27.76	22.73	21.27	28.24	0.07	0.00
LBC	61	27.84	22.78	21.18	28.20	0.06	0.00
LBC	62	27.98	21.99	21.36	28.68	0.06	0.00
LBC	63	27.85	21.80	21.56	28.79	0.05	0.00
LBC	64	28.02	21.72	21.63	28.63	0.04	0.00
LBC	65	28.00	21.76	21.68	28.56	0.04	0.00
LBC	66	27.92	21.95	21.70	28.44	0.08	0.00
LBC	67	27.84	22.01	21.63	28.52	0.13	0.00
LBC	68	27.87	22.00	21.38	28.75	0.09	0.00
LBC	69	27.91	21.99	21.40	28.71	0.05	0.00
LBC	70	27.96	21.88	21.32	28.85	0.05	0.00
LBC	71	27.89	21.92	21.36	28.82	0.05	0.00
LBC	72	27.89	21.99	21.36	28.76	0.04	0.00
LBC	73	27.99	21.88	21.43	28.70	0.05	0.00
LBC	74	27.95	21.92	21.47	28.66	0.05	0.00
LBC	75	27.95	22.02	21.44	28.59	0.06	0.00
LBC	76	27.97	21.85	21.47	28.71	0.06	0.00
LBC	77	27.80	21.90	21.48	28.82	0.06	0.00
LBC	78	27.76	21.83	21.61	28.80	0.05	0.00
LBC	79	27.95	21.95	21.49	28.61	0.05	0.00
LBC	80	28.01	21.93	21.51	28.55	0.06	0.00
LBC	81	27.93	21.89	21.54	28.64	0.07	0.00
LBC	82	27.87	21.78	21.72	28.63	0.07	0.00
LBC	83	27.84	21.93	21.67	28.57	0.06	0.00
LBC	84	27.79	21.90	21.79	28.52	0.06	0.00
LBC	85	27.82	22.11	21.64	28.43	0.07	0.00
LBC	86	27.75	22.05	21.76	28.44	0.07	0.00
LBC	87	27.72	22.12	21.74	28.42	0.07	0.00
LBC	88	27.51	22.05	21.81	28.63	0.07	0.00
LBC	89	27.46	22.27	21.66	28.61	0.06	0.00
LBC	90	27.64	22.33	21.54	28.49	0.06	0.00
LBC	91	27.54	22.36	21.52	28.57	0.06	0.00
LBC	92	27.53	22.34	21.62	28.51	0.06	0.00
LBC	93	27.51	22.35	21.70	28.43	0.07	0.00
LBC	94	27.42	22.37	21.73	28.49	0.08	0.00
LBC	95	27.41	22.20	21.83	28.56	0.07	0.00
LBC	96	27.42	22.34	21.77	28.48	0.06	0.00
LBC	97	27.25	22.43	21.63	28.70	0.06	0.00
LBC	98	27.37	22.30	21.59	28.73	0.06	0.00
LBC	99	27.44	22.26	21.70	28.60	0.06	0.00
LBC	100	27.39	22.33	21.74	28.54	0.06	0.00
# ACGT raw counters for last fragments. Use `grep ^LTC | cut -f 2-` to extract this part. The columns are: A,C,G,T,N base counters
LTC	28481444	22041634	21998936	28888834	260752
# Insert sizes. Use `grep ^IS | cut -f 2-` to extract this part. The columns are: insert size, pairs total, inward oriented pairs, outward oriented pairs, other pairs
IS	0	0	0	0	0
IS	1	0	0	0	0
IS	2	0	0	0	0
IS	3	0	0	0	0
IS	4	0	0	0	0
IS	5	0	0	0	0
IS	6	0	0	0	0
IS	7	0	0	0	0
IS	8	2	0	2	0
IS	9	2	0	2	0
IS	10	0	0	0	0
IS	11	0	0	0	0
IS	12	0	0	0	0
IS	13	0	0	0	0
IS	14	0	0	0	0
IS	15	0	0	0	0
IS	16	0	0	0	0
IS	17	0	0	0	0
IS	18	0	0	0	0
IS	19	0	0	0	0
IS	20	0	0	0	0
IS	21	0	0	0	0
IS	22	0	0	0	0
IS	23	1	0	1	0
IS	24	1	0	1	0
IS	25	0	0	0	0
IS	26	0	0	0	0
IS	27	0	0	0	0
IS	28	0	0	0	0
IS	29	0	0	0	0
IS	30	0	0	0	0
IS	31	0	0	0	0
IS	32	0	0	0	0
IS	33	0	0	0	0
IS	34	0	0	0	0
IS	35	0	0	0	0
IS	36	2	0	2	0
IS	37	0	0	0	0
IS	38	0	0	0	0
IS	39	0	0	0	0
IS	40	0	0	0	0
IS	41	0	0	0	0
IS	42	1	0	1	0
IS	43	0	0	0	0
IS	44	0	0	0	0
IS	45	3	1	2	0
IS	46	0	0	0	0
IS	47	0	0	0	0
IS	48	0	0	0	0
IS	49	0	0	0	0
IS	50	0	0	0	0
IS	51	0	0	0	0
IS	52	0	0	0	0
IS	53	0	0	0	0
IS	54	0	0	0	0
IS	55	0	0	0	0
IS	56	1	1	0	0
IS	57	0	0	0	0
IS	58	0	0	0	0
IS	59	0	0	0	0
IS	60	0	0	0	0
IS	61	0	0	0	0
IS	62	2	2	0	0
IS	63	0	0	0	0
IS	64	1	1	0	0
IS	65	0	0	0	0
IS	66	0	0	0	0
IS	67	0	0	0	0
IS	68	0	0	0	0
IS	69	0	0	0	0
IS	70	0	0	0	0
IS	71	0	0	0	0
IS	72	0	0	0	0
IS	73	0	0	0	0
IS	74	1	1	0	0
IS	75	0	0	0	0
IS	76	0	0	0	0
IS	77	1	1	0	0
IS	78	1	1	0	0
IS	79	1	0	1	0
IS	80	0	0	0	0
IS	81	0	0	0	0
IS	82	0	0	0	0
IS	83	0	0	0	0
IS	84	0	0	0	0
IS	85	0	0	0	0
IS	86	0	0	0	0
IS	87	0	0	0	0
IS	88	0	0	0	0
IS	89	0	0	0	0
IS	90	0	0	0	0
IS	91	0	0	0	0
IS	92	1	1	0	0
IS	93	0	0	0	0
IS	94	0	0	0	0
IS	95	0	0	0	0
IS	96	1	1	0	0
IS	97	0	0	0	0
IS	98	0	0	0	0
IS	99	0	0	0	0
IS	100	1	1	0	0
IS	101	0	0	0	0
IS	102	0	0	0	0
IS	103	0	0	0	0
IS	104	0	0	0	0
IS	105	0	0	0	0
IS	106	0	0	0	0
IS	107	0	0	0	0
IS	108	0	0	0	0
IS	109	0	0	0	0
IS	110	0	0	0	0
IS	111	0	0	0	0
IS	112	1	1	0	0
IS	113	0	0	0	0
IS	114	0	0	0	0
IS	115	5	5	0	0
IS	116	5	5	0	0
IS	117	2	2	0	0
IS	118	4	4	0	0
IS	119	7	7	0	0
IS	120	8	8	0	0
IS	121	4	4	0	0
IS	122	2	2	0	0
IS	123	5	5	0	0
IS	124	5	5	0	0
IS	125	7	7	0	0
IS	126	1	1	0	0
IS	127	5	5	0	0
IS	128	5	5	0	0
IS	129	6	6	0	0
IS	130	1	1	0	0
IS	131	1	1	0	0
IS	132	4	4	0	0
IS	133	5	5	0	0
IS	134	0	0	0	0
IS	135	6	6	0	0
IS	136	5	5	0	0
IS	137	4	4	0	0
IS	138	2	2	0	0
IS	139	6	6	0	0
IS	140	9	9	0	0
IS	141	6	6	0	0
IS	142	6	6	0	0
IS	143	3	3	0	0
IS	144	1	1	0	0
IS	145	4	4	0	0
IS	146	2	2	0	0
IS	147	4	4	0	0
IS	148	8	8	0	0
IS	149	5	5	0	0
IS	150	3	3	0	0
IS	151	6	6	0	0
IS	152	2	2	0	0
IS	153	12	12	0	0
IS	154	7	7	0	0
IS	155	5	5	0	0
IS	156	7	7	0	0
IS	157	6	6	0	0
IS	158	10	10	0	0
IS	159	2	2	0	0
IS	160	9	9	0	0
IS	161	12	12	0	0
IS	162	12	12	0	0
IS	163	13	13	0	0
IS	164	6	6	0	0
IS	165	10	10	0	0
IS	166	13	13	0	0
IS	167	14	14	0	0
IS	168	5	5	0	0
IS	169	15	15	0	0
IS	170	10	10	0	0
IS	171	17	17	0	0
IS	172	7	7	0	0
IS	173	6	6	0	0
IS	174	19	19	0	0
IS	175	13	13	0	0
IS	176	11	11	0	0
IS	177	10	10	0	0
IS	178	21	21	0	0
IS	179	12	12	0	0
IS	180	13	13	0	0
IS	181	12	12	0	0
IS	182	16	16	0	0
IS	183	19	19	0	0
IS	184	27	27	0	0
IS	185	14	14	0	0
IS	186	20	20	0	0
IS	187	19	19	0	0
IS	188	16	16	0	0
IS	189	26	26	0	0
IS	190	12	12	0	0
IS	191	21	21	0	0
IS	192	18	18	0	0
IS	193	15	15	0	0
IS	194	24	24	0	0
IS	195	25	25	0	0
IS	196	19	19	0	0
IS	197	17	17	0	0
IS	198	20	20	0	0
IS	199	21	21	0	0
IS	200	21	21	0	0
IS	201	20	20	0	0
IS	202	30	30	0	0
IS	203	22	22	0	0
IS	204	28	28	0	0
IS	205	21	21	0	0
IS	206	22	22	0	0
IS	207	16	16	0	0
IS	208	12	12	0	0
IS	209	24	24	0	0
IS	210	13	13	0	0
IS	211	26	26	0	0
IS	212	26	26	0	0
IS	213	27	27	0	0
IS	214	20	20	0	0
IS	215	16	16	0	0
IS	216	24	24	0	0
IS	217	22	22	0	0
IS	218	30	30	0	0
IS	219	21	21	0	0
IS	220	27	27	0	0
IS	221	26	26	0	0
IS	222	27	27	0	0
IS	223	26	26	0	0
IS	224	29	29	0	0
IS	225	27	27	0	0
IS	226	29	29	0	0
IS	227	30	30	0	0
IS	228	38	38	0	0
IS	229	18	18	0	0
IS	230	27	27	0	0
IS	231	27	27	0	0
IS	232	32	32	0	0
IS	233	32	32	0	0
IS	234	43	43	0	0
IS	235	39	39	0	0
IS	236	55	55	0	0
IS	237	46	46	0	0
IS	238	44	44	0	0
IS	239	45	45	0	0
IS	240	47	47	0	0
IS	241	53	53	0	0
IS	242	45	45	0	0
IS	243	57	57	0	0
IS	244	41	41	0	0
IS	245	55	55	0	0
IS	246	56	56	0	0
IS	247	69	69	0	0
IS	248	66	66	0	0
IS	249	79	79	0	0
IS	250	60	60	0	0
IS	251	78	78	0	0
IS	252	98	98	0	0
IS	253	86	86	0	0
IS	254	99	99	0	0
IS	255	92	92	0	0
IS	256	79	79	0	0
IS	257	91	91	0	0
IS	258	94	94	0	0
IS	259	130	130	0	0
IS	260	105	105	0	0
IS	261	110	110	0	0
IS	262	136	136	0	0
IS	263	122	122	0	0
IS	264	149	149	0	0
IS	265	120	120	0	0
IS	266	142	142	0	0
IS	267	176	176	0	0
IS	268	158	158	0	0
IS	269	193	193	0	0
IS	270	171	171	0	0
IS	271	161	161	0	0
IS	272	194	194	0	0
IS	273	196	196	0	0
IS	274	177	177	0	0
IS	275	185	185	0	0
IS	276	197	197	0	0
IS	277	185	185	0	0
IS	278	201	201	0	0
IS	279	223	223	0	0
IS	280	203	203	0	0
IS	281	188	188	0	0
IS	282	214	214	0	0
IS	283	193	193	0	0
IS	284	244	244	0	0
IS	285	241	241	0	0
IS	286	232	232	0	0
IS	287	222	222	0	0
IS	288	243	243	0	0
IS	289	274	274	0	0
IS	290	270	270	0	0
IS	291	237	237	0	0
IS	292	244	244	0	0
IS	293	263	263	0	0
IS	294	262	262	0	0
IS	295	252	251	1	0
IS	296	311	311	0	0
IS	297	278	278	0	0
IS	298	286	286	0	0
IS	299	275	275	0	0
IS	300	300	300	0	0
IS	301	349	349	0	0
IS	302	315	315	0	0
IS	303	328	328	0	0
IS	304	321	321	0	0
IS	305	332	332	0	0
IS	306	382	382	0	0
IS	307	375	375	0	0
IS	308	387	387	0	0
IS	309	426	426	0	0
IS	310	402	402	0	0
IS	311	417	417	0	0
IS	312	434	434	0	0
IS	313	417	417	0	0
IS	314	467	467	0	0
IS	315	518	518	0	0
IS	316	484	484	0	0
IS	317	518	518	0	0
IS	318	510	510	0	0
IS	319	535	535	0	0
IS	320	518	518	0	0
IS	321	570	570	0	0
IS	322	560	560	0	0
IS	323	574	574	0	0
IS	324	577	577	0	0
IS	325	638	638	0	0
IS	326	0	0	0	0
IS	327	2	2	0	0
IS	328	1	1	0	0
IS	329	1	1	0	0
IS	330	0	0	0	0
IS	331	3	3	0	0
IS	332	2	2	0	0
IS	333	1	1	0	0
IS	334	1	1	0	0
IS	335	2	2	0	0
IS	336	0	0	0	0
IS	337	2	2	0	0
IS	338	2	2	0	0
IS	339	2	2	0	0
IS	340	1	1	0	0
IS	341	0	0	0	0
IS	342	0	0	0	0
IS	343	1	1	0	0
IS	344	1	1	0	0
IS	345	3	3	0	0
IS	346	0	0	0	0
IS	347	2	2	0	0
IS	348	1	1	0	0
IS	349	3	3	0	0
IS	350	1	1	0	0
IS	351	0	0	0	0
IS	352	3	3	0	0
IS	353	3	3	0	0
IS	354	1	1	0	0
IS	355	0	0	0	0
IS	356	0	0	0	0
IS	357	2	2	0	0
IS	358	3	3	0	0
IS	359	0	0	0	0
IS	360	5	5	0	0
IS	361	1	1	0	0
IS	362	2	2	0	0
IS	363	1	1	0	0
IS	364	5	5	0	0
IS	365	1	1	0	0
IS	366	1	1	0	0
IS	367	1	1	0	0
# Read lengths. Use `grep ^RL | cut -f 2-` to extract this part. The columns are: read length, count
RL	100	2033432
# Read lengths - first fragments. Use `grep ^FRL | cut -f 2-` to extract this part. The columns are: read length, count
FRL	100	1016716
# Read lengths - last fragments. Use `grep ^LRL | cut -f 2-` to extract this part. The columns are: read length, count
LRL	100	1016716
# Indel distribution. Use `grep ^ID | cut -f 2-` to extract this part. The columns are: length, number of insertions, number of deletions
ID	1	137	138
ID	2	82	56
ID	3	29	19
ID	4	21	16
ID	5	17	3
ID	6	7	3
ID	7	2	1
ID	8	0	1
ID	9	2	1
# Indels per cycle. Use `grep ^IC | cut -f 2-` to extract this part. The columns are: cycle, number of insertions (fwd), .. (rev) , number of deletions (fwd), .. (rev)
IC	4	3	0	0	1
IC	5	1	2	2	0
IC	6	0	1	1	1
IC	7	1	1	0	0
IC	8	0	1	1	2
IC	9	2	0	1	0
IC	10	0	2	0	2
IC	11	1	1	1	1
IC	12	2	1	0	0
IC	13	1	2	2	3
IC	14	0	1	1	1
IC	15	0	1	0	1
IC	16	1	1	2	0
IC	17	2	0	1	0
IC	18	0	2	0	0
IC	19	2	1	2	0
IC	20	2	4	3	1
IC	21	2	1	3	0
IC	22	0	1	2	0
IC	23	4	1	4	1
IC	24	2	2	1	1
IC	25	2	2	2	1
IC	26	2	2	1	0
IC	27	3	1	0	1
IC	28	1	2	1	1
IC	29	1	4	3	0
IC	30	1	3	5	1
IC	31	1	1	3	3
IC	32	2	2	2	1
IC	33	5	2	2	4
IC	34	3	0	2	3
IC	35	0	2	1	0
IC	36	2	2	3	2
IC	37	1	4	2	1
IC	38	2	5	1	0
IC	39	1	2	1	3
IC	40	0	3	0	3
IC	41	5	2	3	1
IC	42	5	1	0	2
IC	43	2	2	3	0
IC	44	2	0	2	1
IC	45	2	2	3	1
IC	46	0	1	0	3
IC	47	4	4	2	2
IC	48	1	1	4	2
IC	49	1	1	2	1
IC	50	2	2	2	2
IC	51	0	3	2	3
IC	52	4	2	0	2
IC	53	3	3	0	2
IC	54	3	1	1	3
IC	55	0	1	2	1
IC	56	3	2	2	1
IC	57	0	4	0	2
IC	58	2	1	2	2
IC	59	0	1	1	2
IC	60	4	2	2	1
IC	61	1	0	1	1
IC	62	3	3	1	0
IC	63	1	3	2	2
IC	64	1	2	1	1
IC	65	0	1	2	0
IC	66	0	1	1	2
IC	67	3	2	1	1
IC	68	2	4	1	1
IC	69	5	1	0	1
IC	70	2	1	2	2
IC	71	6	1	0	0
IC	72	2	0	0	2
IC	73	3	1	2	2
IC	74	1	1	1	3
IC	75	3	2	3	1
IC	76	0	1	2	0
IC	77	1	3	1	0
IC	78	1	0	1	2
IC	79	2	1	0	2
IC	81	1	0	1	1
IC	82	1	0	1	0
IC	83	0	1	0	2
IC	84	1	1	4	1
IC	85	2	1	0	1
IC	86	0	3	1	1
IC	87	2	0	1	1
IC	88	0	1	0	0
IC	89	0	1	1	0
IC	90	1	0	0	2
IC	91	0	2	0	0
IC	92	0	1	0	1
IC	93	0	1	0	0
IC	94	4	0	0	0
IC	95	1	0	0	3
IC	96	0	3	3	1
IC	97	1	8	4	1
# Coverage distribution. Use `grep ^COV | cut -f 2-` to extract this part.
COV	[1-1]	1	23
# GC-depth. Use `grep ^GCD | cut -f 2-` to extract this part. The columns are: GC%, unique sequence percentiles, 10th, 25th, 50th, 75th and 90th depth percentile
GCD	0.0	100.000	0.000	0.000	0.000	0.000	0.000
